{"frame_count": 130, "data": [[[1.0, -0.0, 0.0, 0.0], [0.0, 1.0, -0.0, 0.0], [0.0, 0.0, 1.0, 0.0], [0.0, 0.0, 0.0, 1.0], [0.0, 0.0, 1.0]], [[1.0, -0.0, 0.0, 0.0], [0.0, 1.0, -0.0, 0.0], [0.0, 0.0, 1.0, 0.0], [0.0, 0.0, 0.0, 1.0], [0.0, 0.0, 0.9918268322944641]], [[1.0, -0.0, 0.0, 0.0], [0.0, 1.0, -0.0, 0.0], [0.0, 0.0, 1.0, 0.0], [0.0, 0.0, 0.0, 1.0], [0.0, 0.0, 0.9591620564460754]], [[1.0, -0.0, 0.0, 0.0], [0.0, 1.0, -0.0, 0.0], [0.0, 0.0, 1.0, 0.0], [0.0, 0.0, 0.0, 1.0], [0.0, 0.0, 0.9238037467002869]], [[1.0, -0.0, 0.0, 0.0], [0.0, 1.0, -0.0, 0.0], [0.0, 0.0, 1.0, 0.0], [0.0, 0.0, 0.0, 1.0], [0.0, 0.0, 0.8775971531867981]], [[1.0, -0.0, 0.0, 0.0], [0.0, 1.0, -0.0, 0.0], [0.0, 0.0, 1.0, 0.0], [0.0, 0.0, 0.0, 1.0], [0.0, 0.0, 0.787979245185852]], [[1.0, -0.0, 0.0, 0.0], [0.0, 1.0, -0.0, 0.0], [0.0, 0.0, 1.0, 0.0], [0.0, 0.0, 0.0, 1.0], [0.0, 0.0, 0.7147166132926941]], [[1.0, -0.0, 0.0, 0.0], [0.0, 1.0, -0.0, 0.0], [0.0, 0.0, 1.0, 0.0], [0.0, 0.0, 0.0, 1.0], [0.0, 0.0, 0.584583580493927]], [[0.985468864440918, -0.017773747444152832, 0.16892372071743011, 0.0], [-0.014398331753909588, 0.9821894764900208, 0.18734075129032135, 0.0], [-0.16924484074115753, -0.1870506852865219, 0.9676612019538879, 0.0], [0.0, 0.0, 0.0, 1.0], [0.2634356617927551, 0.2701919674873352, 0.5346021056175232]], [[0.911359965801239, -0.09602747112512589, 0.4002521336078644, 0.0], [-0.09827771037817001, 0.8935158252716064, 0.43814489245414734, 0.0], [-0.39970555901527405, -0.43864357471466064, 0.8048771619796753, 0.0], [0.0, 0.0, 0.0, 1.0], [0.6656230688095093, 0.6845690011978149, 0.44545984268188477]], [[0.832072377204895, -0.1809026300907135, 0.5243374705314636, 0.0], [-0.18647056818008423, 0.799065113067627, 0.5715974569320679, 0.0], [-0.5223832726478577, -0.5733839869499207, 0.6311469674110413, 0.0], [0.0, 0.0, 0.0, 1.0], [0.9332922697067261, 0.9603508710861206, 0.3725138306617737]], [[0.68134605884552, -0.34331414103507996, 0.6464541554450989, 0.0], [-0.35269895195961, 0.6198999285697937, 0.7009475827217102, 0.0], [-0.641382098197937, -0.7055915594100952, 0.30127984285354614, 0.0], [0.0, 0.0, 0.0, 1.0], [1.3341138362884521, 1.3733205795288086, 0.24285483360290527]], [[0.5690746903419495, -0.4648418128490448, 0.6782890558242798, 0.0], [-0.4757755696773529, 0.48664650321006775, 0.7326750755310059, 0.0], [-0.6706650257110596, -0.7396602034568787, 0.05577784404158592, 0.0], [0.0, 0.0, 0.0, 1.0], [1.6008740663528442, 1.6481658220291138, 0.1429435908794403]], [[0.5205584168434143, -0.5859290361404419, 0.6210524439811707, 0.0], [-0.41819527745246887, 0.4591893255710602, 0.783746063709259, 0.0], [-0.7444002032279968, -0.6677067875862122, -0.005997892934828997, 0.0], [0.0, 0.0, 0.0, 1.0], [1.9618126153945923, 2.065676689147949, 0.13479983806610107]], [[0.5321304202079773, -0.602429211139679, 0.594908595085144, 0.0], [-0.3581012785434723, 0.4765641391277313, 0.802901029586792, 0.0], [-0.767203152179718, -0.6402856111526489, 0.03786361962556839, 0.0], [0.0, 0.0, 0.0, 1.0], [2.1873884201049805, 2.3119194507598877, 0.23978622257709503]], [[0.4491121768951416, -0.7124273180961609, 0.5392082929611206, 0.0], [-0.40386268496513367, 0.3764556348323822, 0.8337721824645996, 0.0], [-0.7969900965690613, -0.5922233462333679, -0.11865198612213135, 0.0], [0.0, 0.0, 0.0, 1.0], [2.502264976501465, 2.6440794467926025, 0.4157427251338959]], [[0.4155748784542084, -0.7523671984672546, 0.5111175179481506, 0.0], [-0.4415946304798126, 0.3243730366230011, 0.8365263342857361, 0.0], [-0.7951676845550537, -0.5733460783958435, -0.197440043091774, 0.0], [0.0, 0.0, 0.0, 1.0], [2.714938163757324, 2.852398157119751, 0.5457845330238342]], [[0.36760225892066956, -0.8074978590011597, 0.46131962537765503, 0.0], [-0.49886196851730347, 0.24742503464221954, 0.8306127786636353, 0.0], [-0.7848600745201111, -0.5354699492454529, -0.31187596917152405, 0.0], [0.0, 0.0, 0.0, 1.0], [3.0334057807922363, 3.1643450260162354, 0.720089852809906]], [[0.3374849855899811, -0.840727686882019, 0.4234156608581543, 0.0], [-0.5370895266532898, 0.1974264234304428, 0.8200960755348206, 0.0], [-0.7730709314346313, -0.5041822195053101, -0.38491761684417725, 0.0], [0.0, 0.0, 0.0, 1.0], [3.245356559753418, 3.3719561100006104, 0.8224770426750183]], [[0.295590341091156, -0.8847822546958923, 0.3602592647075653, 0.0], [-0.5938392281532288, 0.12522125244140625, 0.7947795987129211, 0.0], [-0.7483189702033997, -0.44886526465415955, -0.488404244184494, 0.0], [0.0, 0.0, 0.0, 1.0], [3.5627427101135254, 3.6828436851501465, 0.9553709626197815]], [[0.2701030671596527, -0.9100428223609924, 0.31443020701408386, 0.0], [-0.6309012770652771, 0.07940871268510818, 0.7717887163162231, 0.0], [-0.7273293137550354, -0.40683692693710327, -0.5526986718177795, 0.0], [0.0, 0.0, 0.0, 1.0], [3.7739737033843994, 3.889749765396118, 1.0301975011825562]], [[0.043650537729263306, -0.9089373350143433, 0.41464143991470337, 0.0], [-0.6517704129219055, 0.2886401414871216, 0.7013431787490845, 0.0], [-0.7571591138839722, -0.3008650243282318, -0.5798191428184509, 0.0], [0.0, 0.0, 0.0, 1.0], [3.76254940032959, 3.649371862411499, 0.9195091724395752]], [[0.0026686948258429766, -0.8749905228614807, 0.48413264751434326, 0.0], [-0.5782173871994019, 0.3936459720134735, 0.7146379947662354, 0.0], [-0.8158783912658691, -0.28184106945991516, -0.5048842430114746, 0.0], [0.0, 0.0, 0.0, 1.0], [3.5890748500823975, 3.3917276859283447, 0.8201904892921448]], [[-0.030925972387194633, -0.8175438046455383, 0.5750354528427124, 0.0], [-0.47482478618621826, 0.5182656645774841, 0.7112960815429688, 0.0], [-0.8795368075370789, -0.25104355812072754, -0.404217928647995, 0.0], [0.0, 0.0, 0.0, 1.0], [3.327357053756714, 2.99621844291687, 0.6460928916931152]], [[-0.020985178649425507, -0.8360747694969177, 0.5482139587402344, 0.0], [-0.4399517774581909, 0.5001127123832703, 0.7458751201629639, 0.0], [-0.897776186466217, -0.22553539276123047, -0.37832754850387573, 0.0], [0.0, 0.0, 0.0, 1.0], [3.0997986793518066, 2.5675370693206787, 0.4617411196231842]], [[-0.008556786924600601, -0.8622645735740662, 0.5063858032226562, 0.0], [-0.38600674271583557, 0.470001220703125, 0.793786883354187, 0.0], [-0.9224562644958496, -0.18867607414722443, -0.33686164021492004, 0.0], [0.0, 0.0, 0.0, 1.0], [2.7590408325195312, 1.9256078004837036, 0.16525745391845703]], [[-0.0019383286125957966, -0.8785964846611023, 0.47756099700927734, 0.0], [-0.349110871553421, 0.4481087923049927, 0.822994589805603, 0.0], [-0.9370794296264648, -0.1651265025138855, -0.3075961768627167, 0.0], [0.0, 0.0, 0.0, 1.0], [2.532255172729492, 1.498382329940796, -0.0456811785697937]], [[0.005476873833686113, -0.9013136029243469, 0.433132529258728, 0.0], [-0.2926408052444458, 0.4127320647239685, 0.8625622391700745, 0.0], [-0.956206738948822, -0.13147640228271484, -0.26150065660476685, 0.0], [0.0, 0.0, 0.0, 1.0], [2.192654609680176, 0.858633279800415, -0.3819773197174072]], [[0.008747409097850323, -0.9152259826660156, 0.40284600853919983, 0.0], [-0.2544007897377014, 0.38756895065307617, 0.886042058467865, 0.0], [-0.967059314250946, -0.11023491621017456, -0.2294439822435379, 0.0], [0.0, 0.0, 0.0, 1.0], [1.9666391611099243, 0.4328587055206299, -0.6194124817848206]], [[0.01115504465997219, -0.9341781139373779, 0.35663267970085144, 0.0], [-0.1964210569858551, 0.3476591110229492, 0.9168161749839783, 0.0], [-0.9804561734199524, -0.08027728646993637, -0.1796140968799591, 0.0], [0.0, 0.0, 0.0, 1.0], [1.6281921863555908, -0.20471777021884918, -0.9953858852386475]], [[0.011109467595815659, -0.9455019235610962, 0.32542696595191956, 0.0], [-0.15750980377197266, 0.31972944736480713, 0.9343252778053284, 0.0], [-0.9874549508094788, -0.061637796461582184, -0.14537380635738373, 0.0], [0.0, 0.0, 0.0, 1.0], [1.4029443264007568, -0.6290463209152222, -1.2592276334762573]], [[-0.13056251406669617, -0.9306049346923828, 0.34194716811180115, 0.0], [-0.06913086771965027, 0.3526052236557007, 0.9332151412963867, 0.0], [-0.9890269637107849, 0.09820380806922913, -0.11037055402994156, 0.0], [0.0, 0.0, 0.0, 1.0], [1.0761297941207886, -1.234420657157898, -1.6232233047485352]], [[-0.1558091789484024, -0.8786168694496155, 0.4513933062553406, 0.0], [0.13429105281829834, 0.43389010429382324, 0.8909013867378235, 0.0], [-0.9786160588264465, 0.19942869246006012, 0.050386324524879456, 0.0], [0.0, 0.0, 0.0, 1.0], [0.8680071830749512, -1.6026841402053833, -1.7141053676605225]], [[-0.030026687309145927, -0.8930938839912415, 0.44886714220046997, 0.0], [0.18101058900356293, 0.4367862939834595, 0.881165623664856, 0.0], [-0.9830226898193359, 0.10770819336175919, 0.14854420721530914, 0.0], [0.0, 0.0, 0.0, 1.0], [0.59897780418396, -2.0878138542175293, -1.6942847967147827]], [[0.025797922164201736, -0.88588947057724, 0.4631785452365875, 0.0], [0.21210385859012604, 0.45763418078422546, 0.8634714484214783, 0.0], [-0.9769065380096436, 0.07596618682146072, 0.19970658421516418, 0.0], [0.0, 0.0, 0.0, 1.0], [0.419988751411438, -2.3973076343536377, -1.6727551221847534]], [[0.07135559618473053, -0.8551164269447327, 0.5135020017623901, 0.0], [0.2653968632221222, 0.5125331282615662, 0.8166236877441406, 0.0], [-0.9614951014518738, 0.0780111625790596, 0.2635173201560974, 0.0], [0.0, 0.0, 0.0, 1.0], [0.16169047355651855, -2.8236896991729736, -1.595138669013977]], [[0.10713773965835571, -0.8357259631156921, 0.5385940670967102, 0.0], [0.3010532259941101, 0.5435502529144287, 0.7835305333137512, 0.0], [-0.9475697875022888, 0.07819979637861252, 0.30983272194862366, 0.0], [0.0, 0.0, 0.0, 1.0], [-0.008695468306541443, -3.1025197505950928, -1.5503250360488892]], [[0.10778263211250305, -0.9292765259742737, 0.35331016778945923, 0.0], [-0.11401674896478653, 0.3414815068244934, 0.9329472184181213, 0.0], [-0.9876148700714111, -0.14083878695964813, -0.06914731115102768, 0.0], [0.0, 0.0, 0.0, 1.0], [-0.28527525067329407, -2.937166929244995, -1.570151686668396]], [[0.06450406461954117, -0.9865362048149109, 0.15028496086597443, 0.0], [-0.09430933743715286, 0.14389805495738983, 0.9850883483886719, 0.0], [-0.9934510588645935, -0.07771547883749008, -0.08375757187604904, 0.0], [0.0, 0.0, 0.0, 1.0], [-0.5358831882476807, -2.6426992416381836, -1.5722746849060059]], [[-0.07890153676271439, -0.9909336566925049, -0.10874274373054504, 0.0], [0.05093774199485779, -0.11294789612293243, 0.9922943711280823, 0.0], [-0.9955801963806152, 0.07275444269180298, 0.0593876875936985, 0.0], [0.0, 0.0, 0.0, 1.0], [-0.9121075868606567, -2.189640522003174, -1.6274102926254272]], [[-0.09550722688436508, -0.9820696115493774, -0.16253520548343658, 0.0], [-0.04807372763752937, -0.1585405170917511, 0.9861814379692078, 0.0], [-0.9942672252655029, 0.1020011305809021, -0.03206998109817505, 0.0], [0.0, 0.0, 0.0, 1.0], [-1.129265308380127, -1.7883259057998657, -1.6958593130111694]], [[0.06741728633642197, -0.9724276065826416, -0.2232474386692047, 0.0], [-0.15930351614952087, -0.23137730360031128, 0.959732711315155, 0.0], [-0.9849250316619873, -0.0291384756565094, -0.1705099642276764, 0.0], [0.0, 0.0, 0.0, 1.0], [-1.3887760639190674, -1.2333652973175049, -1.6540586948394775]], [[0.17128100991249084, -0.9443866610527039, -0.2807074785232544, 0.0], [-0.10988172888755798, -0.30145150423049927, 0.9471288323402405, 0.0], [-0.9790754914283752, -0.13138055801391602, -0.1554037630558014, 0.0], [0.0, 0.0, 0.0, 1.0], [-1.5101032257080078, -0.8067179918289185, -1.5917646884918213]], [[0.2587108910083771, -0.8573185205459595, -0.44505465030670166, 0.0], [-0.007333399727940559, -0.4624705910682678, 0.8866043090820312, 0.0], [-0.9659269452095032, -0.22611042857170105, -0.12593324482440948, 0.0], [0.0, 0.0, 0.0, 1.0], [-1.6705676317214966, -0.17124517261981964, -1.5165318250656128]], [[0.3045685291290283, -0.7794566750526428, -0.5474352240562439, 0.0], [0.06842034310102463, -0.5553525686264038, 0.8287956118583679, 0.0], [-0.9500298500061035, -0.28988078236579895, -0.11581221967935562, 0.0], [0.0, 0.0, 0.0, 1.0], [-1.7773621082305908, 0.2516832947731018, -1.4800806045532227]], [[0.35265064239501953, -0.6372904777526855, -0.6851995587348938, 0.0], [0.18914711475372314, -0.6685810685157776, 0.719182014465332, 0.0], [-0.9164392352104187, -0.3832235038280487, -0.1152338832616806, 0.0], [0.0, 0.0, 0.0, 1.0], [-1.9372814893722534, 0.8849978446960449, -1.4459224939346313]], [[0.37013018131256104, -0.5285820364952087, -0.7639402151107788, 0.0], [0.2719445526599884, -0.7246691584587097, 0.6331672668457031, 0.0], [-0.8882847428321838, -0.44210371375083923, -0.12447692453861237, 0.0], [0.0, 0.0, 0.0, 1.0], [-2.043713331222534, 1.3064900636672974, -1.4368079900741577]], [[0.37392115592956543, -0.35031658411026, -0.8587556481361389, 0.0], [0.39544570446014404, -0.7773197293281555, 0.4892818331718445, 0.0], [-0.8389312624931335, -0.5225440859794617, -0.15212510526180267, 0.0], [0.0, 0.0, 0.0, 1.0], [-2.203089714050293, 1.93765389919281, -1.4435853958129883]], [[0.34257352352142334, -0.2254251390695572, -0.912045419216156, 0.0], [0.4614158570766449, -0.8052664995193481, 0.3723456859588623, 0.0], [-0.8183757066726685, -0.5483880043029785, -0.17184825241565704, 0.0], [0.0, 0.0, 0.0, 1.0], [-2.3077266216278076, 2.3524463176727295, -1.450795292854309]], [[0.26662105321884155, -0.04985339194536209, -0.9625112414360046, 0.0], [0.46364015340805054, -0.8688833117485046, 0.17343486845493317, 0.0], [-0.8449562191963196, -0.4925002455711365, -0.20854854583740234, 0.0], [0.0, 0.0, 0.0, 1.0], [-2.3618364334106445, 2.792949914932251, -1.4415497779846191]], [[0.22574906051158905, -0.053693752735853195, -0.9727046489715576, 0.0], [0.40227100253105164, -0.9042401909828186, 0.14327509701251984, 0.0], [-0.887251615524292, -0.4236350953578949, -0.18253193795681, 0.0], [0.0, 0.0, 0.0, 1.0], [-2.251255512237549, 2.8374698162078857, -1.3992701768875122]], [[0.06130872666835785, -0.06868117302656174, -0.9957530498504639, 0.0], [0.3980526030063629, -0.9131806492805481, 0.08749400079250336, 0.0], [-0.9153116345405579, -0.40172621607780457, -0.028647223487496376, 0.0], [0.0, 0.0, 0.0, 1.0], [-2.053196430206299, 2.790116548538208, -1.2792034149169922]], [[-0.07123247534036636, -0.07284829765558243, -0.9947959780693054, 0.0], [0.3134044408798218, -0.948455274105072, 0.04701343551278114, 0.0], [-0.9469443559646606, -0.30842459201812744, 0.09039179980754852, 0.0], [0.0, 0.0, 0.0, 1.0], [-1.8848942518234253, 2.68812894821167, -1.124381184577942]], [[-0.18495173752307892, -0.04525948688387871, -0.981704831123352, 0.0], [0.09550528973340988, -0.9950383901596069, 0.027881145477294922, 0.0], [-0.9780958890914917, -0.08860133588314056, 0.18835660815238953, 0.0], [0.0, 0.0, 0.0, 1.0], [-1.646776795387268, 2.537743091583252, -0.8581122159957886]], [[-0.20414061844348907, 0.023377107456326485, -0.9786624312400818, 0.0], [0.04474062845110893, -0.9984474182128906, -0.03318222239613533, 0.0], [-0.9779186248779297, -0.05055981129407883, 0.20277775824069977, 0.0], [0.0, 0.0, 0.0, 1.0], [-1.5354317426681519, 2.4119062423706055, -0.6037096381187439]], [[-0.22605018317699432, 0.1268007904291153, -0.9658275842666626, 0.0], [-0.03314058855175972, -0.9919188022613525, -0.12246973812580109, 0.0], [-0.9735517501831055, 0.004323787987232208, 0.22842566668987274, 0.0], [0.0, 0.0, 0.0, 1.0], [-1.3686981201171875, 2.2234718799591064, -0.24318015575408936]], [[-0.23599185049533844, 0.19540998339653015, -0.951904833316803, 0.0], [-0.08571451157331467, -0.9799405336380005, -0.17991529405117035, 0.0], [-0.9679673910140991, 0.03913351520895958, 0.24800746142864227, 0.0], [0.0, 0.0, 0.0, 1.0], [-1.257731318473816, 2.098062515258789, -0.016854487359523773]], [[-0.24336901307106018, 0.29663804173469543, -0.9234594702720642, 0.0], [-0.16488459706306458, -0.9508801102638245, -0.2619924545288086, 0.0], [-0.9558162093162537, 0.0885034054517746, 0.2803258001804352, 0.0], [0.0, 0.0, 0.0, 1.0], [-1.0914406776428223, 1.910218358039856, 0.3015720546245575]], [[-0.15111412107944489, 0.38132917881011963, -0.9120047092437744, 0.0], [-0.26804807782173157, -0.903840184211731, -0.33350133895874023, 0.0], [-0.9514802694320679, 0.19406434893608093, 0.23879756033420563, 0.0], [0.0, 0.0, 0.0, 1.0], [-0.9521235823631287, 1.766564965248108, 0.493509441614151]], [[-0.012587303295731544, 0.5078449845314026, -0.8613564968109131, 0.0], [-0.37218818068504333, -0.8019070029258728, -0.4673554003238678, 0.0], [-0.928071916103363, 0.31470397114753723, 0.19910775125026703, 0.0], [0.0, 0.0, 0.0, 1.0], [-0.7129189372062683, 1.5216342210769653, 0.741582453250885]], [[0.0988764837384224, 0.5909344553947449, -0.8006371855735779, 0.0], [-0.4125261604785919, -0.7078445553779602, -0.573391854763031, 0.0], [-0.9055637121200562, 0.38697877526283264, 0.17378674447536469, 0.0], [0.0, 0.0, 0.0, 1.0], [-0.5311787128448486, 1.3295482397079468, 0.8760384321212769]], [[0.2695772349834442, 0.6800384521484375, -0.6818180084228516, 0.0], [-0.44085389375686646, -0.542324960231781, -0.7152143120765686, 0.0], [-0.85614013671875, 0.4933876395225525, 0.15359912812709808, 0.0], [0.0, 0.0, 0.0, 1.0], [-0.2590317130088806, 1.041908860206604, 1.0569536685943604]], [[0.3815040588378906, 0.7138589024543762, -0.5872479677200317, 0.0], [-0.4378531575202942, -0.419948011636734, -0.7949391603469849, 0.0], [-0.814087986946106, 0.5604009032249451, 0.15235349535942078, 0.0], [0.0, 0.0, 0.0, 1.0], [-0.07790873199701309, 0.8504751324653625, 1.1637400388717651]], [[0.5396546721458435, 0.7246429324150085, -0.42856207489967346, 0.0], [-0.401164710521698, -0.2262037843465805, -0.8876366019248962, 0.0], [-0.7401619553565979, 0.6509412527084351, 0.1686292290687561, 0.0], [0.0, 0.0, 0.0, 1.0], [0.19331403076648712, 0.5638125538825989, 1.3032214641571045]], [[0.6348674893379211, 0.705264687538147, -0.31550753116607666, 0.0], [-0.35639113187789917, -0.09500173479318619, -0.9294945001602173, 0.0], [-0.6855133771896362, 0.702549934387207, 0.19103656709194183, 0.0], [0.0, 0.0, 0.0, 1.0], [0.373821884393692, 0.3730289936065674, 1.382432222366333]], [[0.7567415833473206, 0.638083279132843, -0.14209814369678497, 0.0], [-0.2619202435016632, 0.09678976237773895, -0.9602236747741699, 0.0], [-0.5989490747451782, 0.7638595700263977, 0.24037176370620728, 0.0], [0.0, 0.0, 0.0, 1.0], [0.6441235542297363, 0.08733996748924255, 1.4806203842163086]], [[0.8213146328926086, 0.56978440284729, -0.028072599321603775, 0.0], [-0.18318849802017212, 0.21681427955627441, -0.9588709473609924, 0.0], [-0.5402631759643555, 0.7926772832870483, 0.28245067596435547, 0.0], [0.0, 0.0, 0.0, 1.0], [0.8240184187889099, -0.10279569029808044, 1.5323491096496582]], [[0.8896237015724182, 0.4366632401943207, 0.13377173244953156, 0.0], [-0.04652469977736473, 0.3780425786972046, -0.9246184229850769, 0.0], [-0.4543182849884033, 0.8163387775421143, 0.35663124918937683, 0.0], [0.0, 0.0, 0.0, 1.0], [1.0934021472930908, -0.38751453161239624, 1.5893844366073608]], [[0.9147729277610779, 0.3308103680610657, 0.2318512350320816, 0.0], [0.05363484099507332, 0.46939384937286377, -0.8813584446907043, 0.0], [-0.4003920555114746, 0.8186781406402588, 0.4116458296775818, 0.0], [0.0, 0.0, 0.0, 1.0], [1.2726860046386719, -0.5770044922828674, 1.6137245893478394]], [[0.9208492636680603, 0.15298186242580414, 0.35865461826324463, 0.0], [0.21134412288665771, 0.5771575570106506, -0.7888110280036926, 0.0], [-0.327674001455307, 0.8021755814552307, 0.4991433024406433, 0.0], [0.0, 0.0, 0.0, 1.0], [1.5411548614501953, -0.8607563376426697, 1.6297467947006226]], [[0.9039195775985718, 0.025946184992790222, 0.42691469192504883, 0.0], [0.31780096888542175, 0.6272668242454529, -0.7110125422477722, 0.0], [-0.286237508058548, 0.7783721089363098, 0.5587530732154846, 0.0], [0.0, 0.0, 0.0, 1.0], [1.719829797744751, -1.049602746963501, 1.6267913579940796]], [[0.8484727144241333, -0.16978079080581665, 0.5012669563293457, 0.0], [0.4732544422149658, 0.667373538017273, -0.5750154852867126, 0.0], [-0.23690569400787354, 0.7251117825508118, 0.6465977430343628, 0.0], [0.0, 0.0, 0.0, 1.0], [1.98738694190979, -1.3323909044265747, 1.6019397974014282]], [[0.6995101571083069, -0.2898670732975006, 0.6531941890716553, 0.0], [0.6658173203468323, 0.5963539481163025, -0.44838517904281616, 0.0], [-0.25956282019615173, 0.748557984828949, 0.6101541519165039, 0.0], [0.0, 0.0, 0.0, 1.0], [2.0401182174682617, -1.441651463508606, 1.5675718784332275]], [[0.4546867609024048, -0.3279876708984375, 0.8280603885650635, 0.0], [0.837639331817627, 0.47344234585762024, -0.2724200487136841, 0.0], [-0.30268844962120056, 0.8174817562103271, 0.4900033473968506, 0.0], [0.0, 0.0, 0.0, 1.0], [1.8690423965454102, -1.5282251834869385, 1.522460699081421]], [[0.43218758702278137, -0.26724815368652344, 0.8612736463546753, 0.0], [0.8379525542259216, 0.47194981575012207, -0.2740418016910553, 0.0], [-0.3332407772541046, 0.8401439189910889, 0.4279121458530426, 0.0], [0.0, 0.0, 0.0, 1.0], [1.6342629194259644, -1.4062302112579346, 1.4895485639572144]], [[0.3423212468624115, -0.22765307128429413, 0.9115866422653198, 0.0], [0.8502097129821777, 0.48803573846817017, -0.19739431142807007, 0.0], [-0.39994943141937256, 0.8426121473312378, 0.36061787605285645, 0.0], [0.0, 0.0, 0.0, 1.0], [1.294482707977295, -1.2156705856323242, 1.4295114278793335]], [[0.27492591738700867, -0.20691882073879242, 0.9389357566833496, 0.0], [0.8536467552185059, 0.5018641948699951, -0.13935402035713196, 0.0], [-0.4423832893371582, 0.8398314714431763, 0.3146110773086548, 0.0], [0.0, 0.0, 0.0, 1.0], [1.0693504810333252, -1.0881764888763428, 1.3768352270126343]], [[0.170149028301239, -0.17773906886577606, 0.9692564606666565, 0.0], [0.8499122858047485, 0.5242454409599304, -0.05306423082947731, 0.0], [-0.4986966848373413, 0.8328118324279785, 0.2402624785900116, 0.0], [0.0, 0.0, 0.0, 1.0], [0.7322260737419128, -0.8972604274749756, 1.277529239654541]], [[0.09853792190551758, -0.15973690152168274, 0.9822292923927307, 0.0], [0.8415920734405518, 0.5401028990745544, 0.003406153991818428, 0.0], [-0.5310490131378174, 0.8263007998466492, 0.18765392899513245, 0.0], [0.0, 0.0, 0.0, 1.0], [0.507858395576477, -0.7701993584632874, 1.1978188753128052]], [[-0.010324234142899513, -0.13517074286937714, 0.990768551826477, 0.0], [0.8206222057342529, 0.5650181174278259, 0.08563677221536636, 0.0], [-0.5713777542114258, 0.8139308094978333, 0.10509074479341507, 0.0], [0.0, 0.0, 0.0, 1.0], [0.1718788743019104, -0.5799316763877869, 1.0580307245254517]], [[-0.0831705704331398, -0.12055204808712006, 0.9892168045043945, 0.0], [0.8011825084686279, 0.5822163224220276, 0.1383136510848999, 0.0], [-0.5926122069358826, 0.8040468692779541, 0.04816093295812607, 0.0], [0.0, 0.0, 0.0, 1.0], [-0.05172678828239441, -0.45330214500427246, 0.9513781666755676]], [[-0.19168516993522644, -0.10145704448223114, 0.9761983752250671, 0.0], [0.7642561197280884, 0.608610212802887, 0.2133217602968216, 0.0], [-0.6157673001289368, 0.7869561910629272, -0.03912238031625748, 0.0], [0.0, 0.0, 0.0, 1.0], [-0.38656526803970337, -0.263680636882782, 0.7712453007698059]], [[-0.26286476850509644, -0.09070997685194016, 0.9605591297149658, 0.0], [0.7347507476806641, 0.6264366507530212, 0.2602277398109436, 0.0], [-0.6253346800804138, 0.7741762399673462, -0.09801890701055527, 0.0], [0.0, 0.0, 0.0, 1.0], [-0.6094115376472473, -0.13748115301132202, 0.6377419829368591]], [[-0.3668031394481659, -0.0776897743344307, 0.927048921585083, 0.0], [0.6837232112884521, 0.6532393097877502, 0.3252706825733185, 0.0], [-0.6308550238609314, 0.7531551718711853, -0.1864919364452362, 0.0], [0.0, 0.0, 0.0, 1.0], [-0.943112850189209, 0.05149638652801514, 0.41740140318870544]], [[-0.43360355496406555, -0.07113030552864075, 0.8982919454574585, 0.0], [0.6455547213554382, 0.670987606048584, 0.3647392988204956, 0.0], [-0.628686785697937, 0.7380488514900208, -0.24502408504486084, 0.0], [0.0, 0.0, 0.0, 1.0], [-1.1652023792266846, 0.17726728320121765, 0.25713855028152466]], [[-0.5290933847427368, -0.06452815979719162, 0.8461065292358398, 0.0], [0.5827491283416748, 0.6971602439880371, 0.4175776541233063, 0.0], [-0.6168173551559448, 0.7140054106712341, -0.331259161233902, 0.0], [0.0, 0.0, 0.0, 1.0], [-1.4977703094482422, 0.3656030595302582, -0.0032730773091316223]], [[-0.5890854597091675, -0.062297526746988297, 0.8056657910346985, 0.0], [0.5375941395759583, 0.7141572833061218, 0.44829893112182617, 0.0], [-0.6032999753952026, 0.6972075700759888, -0.38720887899398804, 0.0], [0.0, 0.0, 0.0, 1.0], [-1.7191054821014404, 0.49094682931900024, -0.19020459055900574]], [[-0.6727439165115356, -0.06219618767499924, 0.7372565865516663, 0.0], [0.46568429470062256, 0.7387287616729736, 0.4872555434703827, 0.0], [-0.5749380588531494, 0.6711270213127136, -0.4680114686489105, 0.0], [0.0, 0.0, 0.0, 1.0], [-2.050544023513794, 0.678642988204956, -0.490551233291626]], [[-0.7238608002662659, -0.06426578015089035, 0.686946451663971, 0.0], [0.41541215777397156, 0.754358172416687, 0.5083074569702148, 0.0], [-0.550870418548584, 0.6533097624778748, -0.5193535685539246, 0.0], [0.0, 0.0, 0.0, 1.0], [-2.271127700805664, 0.8035610318183899, -0.7040607929229736]], [[-0.7928928136825562, -0.0705006793141365, 0.6052690744400024, 0.0], [0.33729931712150574, 0.7764590978622437, 0.5322973132133484, 0.0], [-0.5074939727783203, 0.6262115836143494, -0.5918689966201782, 0.0], [0.0, 0.0, 0.0, 1.0], [-2.601440668106079, 0.9906197190284729, -1.0442067384719849]], [[-0.8334857225418091, -0.07668326050043106, 0.5471939444541931, 0.0], [0.28388991951942444, 0.7901819944381714, 0.5431565046310425, 0.0], [-0.47403377294540405, 0.6080560088157654, -0.6368358135223389, 0.0], [0.0, 0.0, 0.0, 1.0], [-2.821274995803833, 1.1151134967803955, -1.284204125404358]], [[-0.8517442345619202, -0.2839231491088867, 0.4403628408908844, 0.0], [0.02537740394473076, 0.8171139359474182, 0.5759173631668091, 0.0], [-0.5233428478240967, 0.5017095804214478, -0.6887668371200562, 0.0], [0.0, 0.0, 0.0, 1.0], [-2.931968927383423, 1.2725071907043457, -1.3905307054519653]], [[-0.8926388025283813, -0.37628623843193054, 0.24820274114608765, 0.0], [-0.1851816624403, 0.8081182241439819, 0.5591534972190857, 0.0], [-0.41097894310951233, 0.45315954089164734, -0.791038990020752, 0.0], [0.0, 0.0, 0.0, 1.0], [-2.83823823928833, 1.3372564315795898, -1.3956230878829956]], [[-0.8618274331092834, -0.5048980712890625, -0.04828488826751709, 0.0], [-0.47022074460983276, 0.7596768736839294, 0.44920316338539124, 0.0], [-0.1901208907365799, 0.4098401367664337, -0.8921239376068115, 0.0], [0.0, 0.0, 0.0, 1.0], [-2.690199851989746, 1.4375624656677246, -1.4160901308059692]], [[-0.789901077747345, -0.5913763642311096, -0.16226626932621002, 0.0], [-0.6091674566268921, 0.7262703776359558, 0.31850647926330566, 0.0], [-0.07050801813602448, 0.35043591260910034, -0.9339289665222168, 0.0], [0.0, 0.0, 0.0, 1.0], [-2.5364599227905273, 1.4834860563278198, -1.4338387250900269]], [[-0.6347095966339111, -0.7138347029685974, -0.2959456443786621, 0.0], [-0.7624300122261047, 0.6408705711364746, 0.08936095237731934, 0.0], [0.12587390840053558, 0.2823560833930969, -0.9510156512260437, 0.0], [0.0, 0.0, 0.0, 1.0], [-2.306241989135742, 1.5522544384002686, -1.480842113494873]], [[-0.5334005355834961, -0.7847859263420105, -0.315586656332016, 0.0], [-0.8064631223678589, 0.5843756794929504, -0.09012392163276672, 0.0], [0.25514915585517883, 0.20643684267997742, -0.9446071982383728, 0.0], [0.0, 0.0, 0.0, 1.0], [-2.152951240539551, 1.5903366804122925, -1.5103719234466553]], [[-0.4311688542366028, -0.8718079328536987, -0.2324744313955307, 0.0], [-0.7876525521278381, 0.4893665909767151, -0.37433117628097534, 0.0], [0.44011011719703674, 0.021709132939577103, -0.8976813554763794, 0.0], [0.0, 0.0, 0.0, 1.0], [-1.9334256649017334, 1.63240647315979, -1.5308064222335815]], [[-0.3692525029182434, -0.9113823175430298, -0.18175488710403442, 0.0], [-0.7616434693336487, 0.40884464979171753, -0.5027377605438232, 0.0], [0.5324957966804504, -0.04720474034547806, -0.8451153039932251, 0.0], [0.0, 0.0, 0.0, 1.0], [-1.7772077322006226, 1.6552362442016602, -1.5250414609909058]], [[-0.22613884508609772, -0.9615457653999329, -0.15585562586784363, 0.0], [-0.7303261756896973, 0.2732389271259308, -0.6260704398155212, 0.0], [0.6445811986923218, -0.02775341086089611, -0.7640319466590881, 0.0], [0.0, 0.0, 0.0, 1.0], [-1.540824055671692, 1.6803005933761597, -1.4874095916748047]], [[-0.1295960247516632, -0.9731869101524353, -0.1900320053100586, 0.0], [-0.7371823191642761, 0.2227347493171692, -0.6379274725914001, 0.0], [0.6631494164466858, 0.05741536244750023, -0.7462816834449768, 0.0], [0.0, 0.0, 0.0, 1.0], [-1.342055320739746, 1.604664921760559, -1.461864948272705]], [[0.014597952365875244, -0.9709177017211914, -0.23896798491477966, 0.0], [-0.7327350974082947, 0.15223070979118347, -0.6632684469223022, 0.0], [0.6803573966026306, 0.18478259444236755, -0.7092032432556152, 0.0], [0.0, 0.0, 0.0, 1.0], [-1.049452781677246, 1.4902645349502563, -1.4336968660354614]], [[0.10205715149641037, -0.9572638273239136, -0.27061089873313904, 0.0], [-0.70965975522995, 0.12057171761989594, -0.6941508650779724, 0.0], [0.697113573551178, 0.2628847360610962, -0.6670264601707458, 0.0], [0.0, 0.0, 0.0, 1.0], [-0.8629233837127686, 1.4104063510894775, -1.4094414710998535]], [[0.2367544323205948, -0.9203008413314819, -0.31143811345100403, 0.0], [-0.6707665920257568, 0.0770687609910965, -0.7376534342765808, 0.0], [0.7028652429580688, 0.38354501128196716, -0.5990606546401978, 0.0], [0.0, 0.0, 0.0, 1.0], [-0.5883350968360901, 1.292374610900879, -1.3824583292007446]], [[0.3301440179347992, -0.8818027973175049, -0.33679187297821045, 0.0], [-0.6418831944465637, 0.05187918245792389, -0.7650454640388489, 0.0], [0.692091703414917, 0.46875619888305664, -0.548886775970459, 0.0], [0.0, 0.0, 0.0, 1.0], [-0.40886977314949036, 1.2147718667984009, -1.3711466789245605]], [[0.47040557861328125, -0.8016352653503418, -0.36891666054725647, 0.0], [-0.5970062613487244, 0.01876460760831833, -0.802017092704773, 0.0], [0.6498477458953857, 0.5975188612937927, -0.46975430846214294, 0.0], [0.0, 0.0, 0.0, 1.0], [-0.1429537683725357, 1.1004993915557861, -1.3676246404647827]], [[0.5605807304382324, -0.732985258102417, -0.38533347845077515, 0.0], [-0.5662266612052917, 0.00026627827901393175, -0.8242495656013489, 0.0], [0.6042653322219849, 0.680244505405426, -0.4148865044116974, 0.0], [0.0, 0.0, 0.0, 1.0], [0.03286316245794296, 1.0255383253097534, -1.3757150173187256]], [[0.685039758682251, -0.608450174331665, -0.40063562989234924, 0.0], [-0.5182920694351196, -0.020584873855113983, -0.8549559116363525, 0.0], [0.5119510293006897, 0.7933250665664673, -0.3294563293457031, 0.0], [0.0, 0.0, 0.0, 1.0], [0.29515087604522705, 0.9143053889274597, -1.4054172039031982]], [[0.75792396068573, -0.5123358964920044, -0.4038108289241791, 0.0], [-0.48537498712539673, -0.029319901019334793, -0.8738143444061279, 0.0], [0.435846745967865, 0.8582844734191895, -0.2708972990512848, 0.0], [0.0, 0.0, 0.0, 1.0], [0.469257652759552, 0.8407548069953918, -1.437483549118042]], [[0.8478938937187195, -0.35105469822883606, -0.39728647470474243, 0.0], [-0.43558400869369507, -0.03409433364868164, -0.899502158164978, 0.0], [0.30222925543785095, 0.9357340335845947, -0.18182219564914703, 0.0], [0.0, 0.0, 0.0, 1.0], [0.7294204831123352, 0.731187105178833, -1.504337191581726]], [[0.8927215337753296, -0.23372966051101685, -0.3852514922618866, 0.0], [-0.40297961235046387, -0.03154263645410538, -0.9146652221679688, 0.0], [0.2016325443983078, 0.9717898368835449, -0.12234707921743393, 0.0], [0.0, 0.0, 0.0, 1.0], [0.9022085666656494, 0.6586229205131531, -1.5614370107650757]], [[0.9334715008735657, -0.04606916382908821, -0.3556804955005646, 0.0], [-0.35681384801864624, -0.019024472683668137, -0.9339817762374878, 0.0], [0.03626112639904022, 0.9987570643424988, -0.034196916967630386, 0.0], [0.0, 0.0, 0.0, 1.0], [1.1603667736053467, 0.5505074858665466, -1.6657688617706299]], [[0.9335187673568726, 0.07786587625741959, -0.34997090697288513, 0.0], [-0.3545055389404297, 0.05464838445186615, -0.9334555864334106, 0.0], [-0.053558990359306335, 0.9954649209976196, 0.07861917465925217, 0.0], [0.0, 0.0, 0.0, 1.0], [1.3221482038497925, 0.4844139814376831, -1.7255699634552002]], [[0.9689683318138123, 0.0745009183883667, -0.23569054901599884, 0.0], [-0.24032144248485565, 0.060803160071372986, -0.9687871932983398, 0.0], [-0.05784480646252632, 0.995365560054779, 0.0768205001950264, 0.0], [0.0, 0.0, 0.0, 1.0], [1.4104074239730835, 0.440621018409729, -1.6823492050170898]], [[0.983421266078949, 0.08010648190975189, -0.16268227994441986, 0.0], [-0.16908086836338043, 0.08087235689163208, -0.9822786450386047, 0.0], [-0.06553038954734802, 0.9935001730918884, 0.09307607263326645, 0.0], [0.0, 0.0, 0.0, 1.0], [1.4306321144104004, 0.4137699604034424, -1.6564955711364746]], [[0.9952081441879272, 0.07567783445119858, -0.06191633269190788, 0.0], [-0.06944477558135986, 0.10127497464418411, -0.9924317598342896, 0.0], [-0.06883451342582703, 0.9919759035110474, 0.10604510456323624, 0.0], [0.0, 0.0, 0.0, 1.0], [1.4615968465805054, 0.3714886009693146, -1.6361439228057861]], [[0.9979766011238098, 0.06357986479997635, -0.0005301499622873962, 0.0], [-0.007246905472129583, 0.10545890033245087, -0.9943972826004028, 0.0], [-0.06316773593425751, 0.9923890233039856, 0.10570627450942993, 0.0], [0.0, 0.0, 0.0, 1.0], [1.4833357334136963, 0.34272387623786926, -1.6335854530334473]], [[0.9954286813735962, 0.03554156795144081, 0.08864856511354446, 0.0], [0.0849490836262703, 0.09473948925733566, -0.9918709993362427, 0.0], [-0.043651171028614044, 0.9948674440383911, 0.09128718078136444, 0.0], [0.0, 0.0, 0.0, 1.0], [1.5147349834442139, 0.2981549799442291, -1.6435436010360718]], [[0.9890875220298767, 0.010451912879943848, 0.14695774018764496, 0.0], [0.14572486281394958, 0.07738844305276871, -0.9862937331199646, 0.0], [-0.021681487560272217, 0.9969462156295776, 0.07502084225416183, 0.0], [0.0, 0.0, 0.0, 1.0], [1.5340420007705688, 0.26668521761894226, -1.6584287881851196]], [[0.9737076163291931, -0.01646561361849308, 0.22720561921596527, 0.0], [0.22753550112247467, 0.02211594395339489, -0.9735186100006104, 0.0], [0.011004713363945484, 0.9996198415756226, 0.025280974805355072, 0.0], [0.0, 0.0, 0.0, 1.0], [1.5604093074798584, 0.2188108116388321, -1.689697265625]], [[0.9686747789382935, 0.004839843139052391, 0.24828553199768066, 0.0], [0.24831435084342957, -0.006725461687892675, -0.9686561822891235, 0.0], [-0.0030183091294020414, 0.9999656677246094, -0.007716587744653225, 0.0], [0.0, 0.0, 0.0, 1.0], [1.5689438581466675, 0.19183111190795898, -1.7045732736587524]], [[0.9678870439529419, -0.005276822485029697, 0.2513299882411957, 0.0], [0.2513048052787781, -0.005000201985239983, -0.9678950905799866, 0.0], [0.006364111322909594, 0.9999735951423645, -0.003513539908453822, 0.0], [0.0, 0.0, 0.0, 1.0], [1.5642964839935303, 0.16838087141513824, -1.704831600189209]], [[0.968629002571106, -0.0009475385304540396, 0.24850952625274658, 0.0], [0.24850517511367798, -0.003344497177749872, -0.9686247706413269, 0.0], [0.0017489487072452903, 0.9999939799308777, -0.003004108788445592, 0.0], [0.0, 0.0, 0.0, 1.0], [1.5627498626708984, 0.16054116189479828, -1.7029207944869995]], [[0.9686167240142822, -0.00030681671341881156, 0.24855904281139374, 0.0], [0.24855919182300568, 0.0005701787886209786, -0.9686165452003479, 0.0], [0.00015546462964266539, 0.9999997615814209, 0.0006285468116402626, 0.0], [0.0, 0.0, 0.0, 1.0], [1.5624566078186035, 0.15703105926513672, -1.7018685340881348]], [[0.9686165452003479, -0.00019771541701629758, 0.248559832572937, 0.0], [0.2485598772764206, 0.00036557004204951227, -0.9686164855957031, 0.0], [0.00010064438538393006, 0.9999999403953552, 0.00040324131259694695, 0.0], [0.0, 0.0, 0.0, 1.0], [1.5625131130218506, 0.15692660212516785, -1.7006826400756836]], [[0.968616783618927, -0.00010202391422353685, 0.2485588937997818, 0.0], [0.248558908700943, 0.00019074964802712202, -0.968616783618927, 0.0], [5.140955181559548e-05, 1.0, 0.00021012226352468133, 0.0], [0.0, 0.0, 0.0, 1.0], [1.5625708103179932, 0.15684062242507935, -1.6996533870697021]], [[0.968616783618927, -6.55015537631698e-05, 0.24855895340442657, 0.0], [0.24855896830558777, 0.00012258657079655677, -0.968616783618927, 0.0], [3.297591320006177e-05, 1.0, 0.00013502041110768914, 0.0], [0.0, 0.0, 0.0, 1.0], [1.5625989437103271, 0.1568065881729126, -1.6992648839950562]], [[0.9686166644096375, -3.33245588990394e-05, 0.24855928122997284, 0.0], [0.24855928122997284, 6.155423034215346e-05, -0.9686166644096375, 0.0], [1.6978849089355208e-05, 1.0, 6.79055810905993e-05, 0.0], [0.0, 0.0, 0.0, 1.0], [1.5626219511032104, 0.15677514672279358, -1.6989279985427856]], [[0.9686166644096375, -2.133493217115756e-05, 0.24855925142765045, 0.0], [0.24855925142765045, 3.940122405765578e-05, -0.9686166644096375, 0.0], [1.0871832273551263e-05, 1.0, 4.346768037066795e-05, 0.0], [0.0, 0.0, 0.0, 1.0], [1.5626308917999268, 0.15676406025886536, -1.698800802230835]], [[0.9686166644096375, -1.0960134204651695e-05, 0.24855925142765045, 0.0], [0.24855925142765045, 2.0402912923600525e-05, -0.9686166644096375, 0.0], [5.5448367675126065e-06, 1.0, 2.2486843590741046e-05, 0.0], [0.0, 0.0, 0.0, 1.0], [1.5626436471939087, 0.15675456821918488, -1.6986902952194214]]]}