{"count": 16, "forces": [0.5, 1.0, 1.5], "animations": [[{"frame_count": 56, "end_rotation": [0.22227433323860168, 0.20875798165798187, 0.06206696480512619], "data": [[[0.9984064698219299, -0.012948785908520222, 0.05492597445845604, 0.0], [0.016067180782556534, 0.9982609152793884, -0.05671834573149681, 0.0], [-0.05409602075815201, 0.05751046910881996, 0.9968782067298889, 0.0], [0.0, 0.0, 0.0, 1.0], [0.12962964177131653, 0.0, 0.0]], [[0.987023651599884, -0.020119844004511833, 0.1593094766139984, 0.0], [0.04541093483567238, 0.9865939617156982, -0.1567486822605133, 0.0], [-0.1540200114250183, 0.1619490534067154, 0.9747052788734436, 0.0], [0.0, 0.0, 0.0, 1.0], [0.37037041783332825, 0.0, 0.0]], [[0.9649863839149475, -0.01623857207596302, 0.26179683208465576, 0.0], [0.08436688780784607, 0.9642600417137146, -0.2511668801307678, 0.0], [-0.24836161732673645, 0.26445960998535156, 0.9318678379058838, 0.0], [0.0, 0.0, 0.0, 1.0], [0.6108043193817139, 0.0, -0.012769819237291813]], [[0.9329135417938232, -0.0015186804812401533, 0.36009731888771057, 0.0], [0.13194639980793, 0.9318847060203552, -0.3379068374633789, 0.0], [-0.33505600690841675, 0.36275139451026917, 0.8695682287216187, 0.0], [0.0, 0.0, 0.0, 1.0], [0.8508296012878418, 0.0, -0.042541950941085815]], [[0.8916189670562744, 0.023584967479109764, 0.45217183232307434, 0.0], [0.18702362477779388, 0.8902885317802429, -0.4152210056781769, 0.0], [-0.41235634684562683, 0.4547857642173767, 0.7893872261047363, 0.0], [0.0, 0.0, 0.0, 1.0], [1.090446949005127, 0.0, -0.08928749710321426]], [[0.8420950174331665, 0.058406904339790344, 0.5361572504043579, 0.0], [0.24833783507347107, 0.840470016002655, -0.48159992694854736, 0.0], [-0.47875288128852844, 0.5387009978294373, 0.6932509541511536, 0.0], [0.0, 0.0, 0.0, 1.0], [1.3296570777893066, 0.0, -0.1529776155948639]], [[0.7854852676391602, 0.10209176689386368, 0.6104016900062561, 0.0], [0.3145245313644409, 0.7835789322853088, -0.5357969403266907, 0.0], [-0.5329983234405518, 0.6128469109535217, 0.583379328250885, 0.0], [0.0, 0.0, 0.0, 1.0], [1.5684607028961182, 0.0, -0.2335834950208664]], [[0.7230567336082458, 0.1536175161600113, 0.673491358757019, 0.0], [0.38414689898490906, 0.7208880186080933, -0.5768463015556335, 0.0], [-0.5741255283355713, 0.6758122444152832, 0.46223121881484985, 0.0], [0.0, 0.0, 0.0, 1.0], [1.8068584203720093, 0.0, -0.33107641339302063]], [[0.6561693549156189, 0.2118220180273056, 0.7242742776870728, 0.0], [0.4557281732559204, 0.6537622213363647, -0.6040751338005066, 0.0], [-0.6014596223831177, 0.7264477610588074, 0.3324454724788666, 0.0], [0.0, 0.0, 0.0, 1.0], [2.044851064682007, 0.0, -0.44542765617370605]], [[0.5862448215484619, 0.27543193101882935, 0.7618755102157593, 0.0], [0.5277834534645081, 0.5836277604103088, -0.6171087622642517, 0.0], [-0.6146231293678284, 0.7638821005821228, 0.19678035378456116, 0.0], [0.0, 0.0, 0.0, 1.0], [2.2824392318725586, 0.0, -0.5766085982322693]], [[0.5147358179092407, 0.3430909514427185, 0.7857070565223694, 0.0], [0.5988503694534302, 0.5119415521621704, -0.6158685684204102, 0.0], [-0.6135349869728088, 0.7875306010246277, 0.058054499328136444, 0.0], [0.0, 0.0, 0.0, 1.0], [2.5196235179901123, 0.0, -0.724590539932251]], [[0.4430961608886719, 0.41339045763015747, 0.7954710125923157, 0.0], [0.6675178408622742, 0.44016003608703613, -0.6005656123161316, 0.0], [-0.5984026193618774, 0.7970994114875793, -0.0809122771024704, 0.0], [0.0, 0.0, 0.0, 1.0], [2.7564048767089844, 0.0, -0.8893450498580933]], [[0.37274977564811707, 0.48490044474601746, 0.7911568284034729, 0.0], [0.7324536442756653, 0.36970973014831543, -0.5716873407363892, 0.0], [-0.5697097778320312, 0.7925820350646973, -0.21735787391662598, 0.0], [0.0, 0.0, 0.0, 1.0], [2.992783784866333, 0.0, -1.0708435773849487]], [[0.3050647974014282, 0.5561971068382263, 0.7730331420898438, 0.0], [0.7924279570579529, 0.3019604980945587, -0.5299791097640991, 0.0], [-0.5281983017921448, 0.7742510437965393, -0.34862858057022095, 0.0], [0.0, 0.0, 0.0, 1.0], [3.2287609577178955, 0.0, -1.2690577507019043]], [[0.24132771790027618, 0.6258917450904846, 0.7416336536407471, 0.0], [0.8463349938392639, 0.23819899559020996, -0.47642239928245544, 0.0], [-0.4748452305793762, 0.7426444292068481, -0.47223007678985596, 0.0], [0.0, 0.0, 0.0, 1.0], [3.464337110519409, 0.0, -1.4839589595794678]], [[0.18271975219249725, 0.6926571130752563, 0.6977389454841614, 0.0], [0.8932111859321594, 0.1796068698167801, -0.41220763325691223, 0.0], [-0.4108372628688812, 0.6985467076301575, -0.5858713984489441, 0.0], [0.0, 0.0, 0.0, 1.0], [3.6995129585266113, 0.0, -1.7155189514160156]], [[0.13029782474040985, 0.7552509903907776, 0.6423538327217102, 0.0], [0.9322492480278015, 0.12724052369594574, -0.3387052118778229, 0.0], [-0.337540864944458, 0.6429664492607117, -0.6875029802322388, 0.0], [0.0, 0.0, 0.0, 1.0], [3.93428897857666, 0.0, -1.9637094736099243]], [[0.08497819304466248, 0.8125379085540771, 0.5766808986663818, 0.0], [0.9628092050552368, 0.082013800740242, -0.2574337124824524, 0.0], [-0.2564704418182373, 0.5771099925041199, -0.7753496170043945, 0.0], [0.0, 0.0, 0.0, 1.0], [4.168665885925293, 0.0, -2.2285022735595703]], [[0.04752206802368164, 0.8635075092315674, 0.5020920038223267, 0.0], [0.9844259023666382, 0.044685982167720795, -0.17002588510513306, 0.0], [-0.1692551076412201, 0.5023523569107056, -0.8479356169700623, 0.0], [0.0, 0.0, 0.0, 1.0], [4.402644634246826, 0.0, -2.50986909866333]], [[-0.024629859253764153, 0.9519698619842529, 0.30519959330558777, 0.0], [0.9991827607154846, 0.013654280453920364, 0.03804483264684677, 0.0], [0.032050251960754395, 0.3058871924877167, -0.9515281319618225, 0.0], [0.0, 0.0, 0.0, 1.0], [4.621735095977783, -0.0059432885609567165, -2.7497472763061523]], [[-0.0769360139966011, 0.9781740307807922, -0.1930193454027176, 0.0], [0.987628161907196, 0.10130017250776291, 0.11970315128564835, 0.0], [0.1366434097290039, -0.18142186105251312, -0.9738658666610718, 0.0], [0.0, 0.0, 0.0, 1.0], [4.826440334320068, -0.015317060984671116, -2.857497215270996]], [[-0.16441044211387634, 0.8906443119049072, -0.42393624782562256, 0.0], [0.985553503036499, 0.16604255139827728, -0.033378716558218, 0.0], [0.04066288843750954, -0.423299640417099, -0.9050767421722412, 0.0], [0.0, 0.0, 0.0, 1.0], [4.961686134338379, 0.04355848953127861, -2.7633652687072754]], [[-0.27009573578834534, 0.7435804605484009, -0.6116669178009033, 0.0], [0.9623612761497498, 0.1885945051908493, -0.1956857144832611, 0.0], [-0.03015105053782463, -0.6414984464645386, -0.7665315866470337, 0.0], [0.0, 0.0, 0.0, 1.0], [5.0967020988464355, 0.10233397781848907, -2.6864171028137207]], [[-0.38497239351272583, 0.5499746203422546, -0.7411640882492065, 0.0], [0.9202516078948975, 0.16762597858905792, -0.35360783338546753, 0.0], [-0.07023698091506958, -0.8181867003440857, -0.570646345615387, 0.0], [0.0, 0.0, 0.0, 1.0], [5.2314887046813965, 0.16100957989692688, -2.6266238689422607]], [[-0.4994557797908783, 0.32638049125671387, -0.8025083541870117, 0.0], [0.8629384636878967, 0.10542605072259903, -0.49418875575065613, 0.0], [-0.07668827474117279, -0.9393407702445984, -0.3343019485473633, 0.0], [0.0, 0.0, 0.0, 1.0], [5.366045951843262, 0.21958547830581665, -2.583956241607666]], [[-0.6041991710662842, 0.09144970029592514, -0.7915682196617126, 0.0], [0.7952998280525208, 0.007607664447277784, -0.6061685681343079, 0.0], [-0.04941194877028465, -0.9957806468009949, -0.07732647657394409, 0.0], [0.0, 0.0, 0.0, 1.0], [5.500374794006348, 0.27806180715560913, -2.558385133743286]], [[-0.6908466219902039, -0.13564762473106384, -0.7101624608039856, 0.0], [0.7229459881782532, -0.11744849383831024, -0.6808487176895142, 0.0], [0.008948001079261303, -0.9837710857391357, 0.1792047917842865, 0.0], [0.0, 0.0, 0.0, 1.0], [5.634475231170654, 0.33643877506256104, -2.5498814582824707]], [[-0.7526760101318359, -0.3367825150489807, -0.5657352209091187, 0.0], [0.6517459750175476, -0.25935202836990356, -0.7127156853675842, 0.0], [0.09330561012029648, -0.9051597118377686, 0.41470471024513245, 0.0], [0.0, 0.0, 0.0, 1.0], [5.76834774017334, 0.3947165310382843, -2.5584163665771484]], [[-0.7850877046585083, -0.4962841868400574, -0.3705931603908539, 0.0], [0.5873507857322693, -0.4065932333469391, -0.6997864246368408, 0.0], [0.19661225378513336, -0.7670618891716003, 0.610704243183136, 0.0], [0.0, 0.0, 0.0, 1.0], [5.9019927978515625, 0.45289522409439087, -2.583960771560669]], [[-0.7979939579963684, -0.5786486268043518, -0.16843809187412262, 0.0], [0.5415101051330566, -0.5657702684402466, -0.6218286156654358, 0.0], [0.2645229995250702, -0.5874264240264893, 0.7648253440856934, 0.0], [0.0, 0.0, 0.0, 1.0], [6.034911632537842, 0.510753870010376, -2.597175121307373]], [[-0.8091623187065125, -0.5873368382453918, 0.017081432044506073, 0.0], [0.5086401700973511, -0.7147057056427002, -0.48008424043655396, 0.0], [0.29417935013771057, -0.37977778911590576, 0.8770560622215271, 0.0], [0.0, 0.0, 0.0, 1.0], [6.1671061515808105, 0.5682930946350098, -2.5981051921844482]], [[-0.8120426535606384, -0.5488851070404053, 0.19827201962471008, 0.0], [0.4811519980430603, -0.8219400644302368, -0.30480703711509705, 0.0], [0.33027175068855286, -0.15211735665798187, 0.9315475821495056, 0.0], [0.0, 0.0, 0.0, 1.0], [6.299075603485107, 0.6257345676422119, -2.616057872772217]], [[-0.806550920009613, -0.4664534032344818, 0.36317598819732666, 0.0], [0.4607990086078644, -0.8809023499488831, -0.10805235803127289, 0.0], [0.37032395601272583, 0.0802014023065567, 0.925433874130249, 0.0], [0.0, 0.0, 0.0, 1.0], [6.430820941925049, 0.6830784678459167, -2.6510040760040283]], [[-0.824107825756073, -0.3742220401763916, 0.42521074414253235, 0.0], [0.43938830494880676, -0.8960888385772705, 0.06295029819011688, 0.0], [0.35746920108795166, 0.2387104630470276, 0.9029026031494141, 0.0], [0.0, 0.0, 0.0, 1.0], [6.562353610992432, 0.7366334199905396, -2.662180185317993]], [[-0.8682538866996765, -0.30058449506759644, 0.3946949541568756, 0.0], [0.3986821174621582, -0.8962284922599792, 0.19449174404144287, 0.0], [0.29527565836906433, 0.32622605562210083, 0.8979915380477905, 0.0], [0.0, 0.0, 0.0, 1.0], [6.691136360168457, 0.7863974571228027, -2.6445858478546143]], [[-0.9078027009963989, -0.226291686296463, 0.3531095087528229, 0.0], [0.3434694707393646, -0.8842918872833252, 0.3163171708583832, 0.0], [0.24067193269729614, 0.4084359109401703, 0.8804868459701538, 0.0], [0.0, 0.0, 0.0, 1.0], [6.815114498138428, 0.8358883261680603, -2.6348655223846436]], [[-0.9411802887916565, -0.15305568277835846, 0.30125337839126587, 0.0], [0.2768147885799408, -0.8605285286903381, 0.42762622237205505, 0.0], [0.19378650188446045, 0.4858647882938385, 0.8522806167602539, 0.0], [0.0, 0.0, 0.0, 1.0], [6.9331464767456055, 0.8848098516464233, -2.6306722164154053]], [[-0.9671596884727478, -0.08327753096818924, 0.24013946950435638, 0.0], [0.202231302857399, -0.8244444131851196, 0.5285772681236267, 0.0], [0.15396304428577423, 0.5597823262214661, 0.8142107129096985, 0.0], [0.0, 0.0, 0.0, 1.0], [7.044551372528076, 0.9328903555870056, -2.6305675506591797]], [[-0.9850850105285645, -0.019652249291539192, 0.17094255983829498, 0.0], [0.12295934557914734, -0.7753584980964661, 0.6194353699684143, 0.0], [0.12036848068237305, 0.6312154531478882, 0.7662104964256287, 0.0], [0.0, 0.0, 0.0, 1.0], [7.149085998535156, 0.9799888134002686, -2.634004831314087]], [[-0.9948623180389404, 0.035088587552309036, 0.0949619933962822, 0.0], [0.041689254343509674, -0.7127944827079773, 0.7001329064369202, 0.0], [0.09225505590438843, 0.7004947066307068, 0.7076694965362549, 0.0], [0.0, 0.0, 0.0, 1.0], [7.246851444244385, 1.0261154174804688, -2.6411561965942383]], [[-0.9968264102935791, 0.078426294028759, 0.013653572648763657, 0.0], [-0.03954976797103882, -0.6367535591125488, 0.770052433013916, 0.0], [0.06908632069826126, 0.76706862449646, 0.6378344893455505, 0.0], [0.0, 0.0, 0.0, 1.0], [7.338453769683838, 1.0714201927185059, -2.6532344818115234]], [[-0.9916273951530457, 0.10766448080539703, -0.07129856199026108, 0.0], [-0.11899178475141525, -0.5473752617835999, 0.8283846974372864, 0.0], [0.050160542130470276, 0.8299329280853271, 0.5556035041809082, 0.0], [0.0, 0.0, 0.0, 1.0], [7.424164295196533, 1.1160355806350708, -2.670778274536133]], [[-0.9800810813903809, 0.12057808041572571, -0.1578037589788437, 0.0], [-0.1954783946275711, -0.44542622566223145, 0.8737183213233948, 0.0], [0.035061344504356384, 0.8871619701385498, 0.4601242244243622, 0.0], [0.0, 0.0, 0.0, 1.0], [7.504710674285889, 1.160133957862854, -2.695239782333374]], [[-0.963077962398529, 0.11542246490716934, -0.2432250827550888, 0.0], [-0.26818788051605225, -0.3321794271469116, 0.9042854309082031, 0.0], [0.023580480366945267, 0.9361273646354675, 0.3508695960044861, 0.0], [0.0, 0.0, 0.0, 1.0], [7.580878257751465, 1.2038378715515137, -2.7281761169433594]], [[-0.9415441155433655, 0.09114763140678406, -0.3243251144886017, 0.0], [-0.3365219235420227, -0.2094903439283371, 0.9180777668952942, 0.0], [0.015737632289528847, 0.9735532402992249, 0.22791758179664612, 0.0], [0.0, 0.0, 0.0, 1.0], [7.653417110443115, 1.2472094297409058, -2.7710635662078857]], [[-0.9587520360946655, 0.02273603156208992, -0.2833331227302551, 0.0], [-0.2841227948665619, -0.1057477742433548, 0.952938437461853, 0.0], [-0.008295807987451553, 0.9941330552101135, 0.1078457161784172, 0.0], [0.0, 0.0, 0.0, 1.0], [7.693327903747559, 1.276668667793274, -2.8245577812194824]], [[-0.9774665236473083, -0.003137770341709256, -0.21106716990470886, 0.0], [-0.21108102798461914, 0.023993581533432007, 0.9771740436553955, 0.0], [0.001998109510168433, 0.9997071623802185, -0.024115245789289474, 0.0], [0.0, 0.0, 0.0, 1.0], [7.728501319885254, 1.3067576885223389, -2.88517689704895]], [[-0.9803618788719177, -0.006674633827060461, -0.19709397852420807, 0.0], [-0.19719219207763672, 0.020943211391568184, 0.9801411032676697, 0.0], [-0.0024143022019416094, 0.9997583627700806, -0.02184811234474182, 0.0], [0.0, 0.0, 0.0, 1.0], [7.7292280197143555, 1.3308086395263672, -2.879094123840332]], [[-0.9817774295806885, -0.0006814220687374473, -0.19003304839134216, 0.0], [-0.19002918899059296, 0.010832933709025383, 0.9817186594009399, 0.0], [0.0013896506279706955, 0.9999411106109619, -0.010765020735561848, 0.0], [0.0, 0.0, 0.0, 1.0], [7.729090213775635, 1.3475148677825928, -2.8791913986206055]], [[-0.9833850264549255, 0.0008685587672516704, -0.18153001368045807, 0.0], [-0.18152597546577454, -0.01291707530617714, 0.9833013415336609, 0.0], [-0.001490781782194972, 0.9999161958694458, 0.012860123999416828, 0.0], [0.0, 0.0, 0.0, 1.0], [7.728488922119141, 1.3594661951065063, -2.886652708053589]], [[-0.9828566908836365, 0.016755294054746628, -0.18360838294029236, 0.0], [-0.18360772728919983, 0.0015908064087852836, 0.9829983115196228, 0.0], [0.016762511804699898, 0.9998583793640137, 0.0015128665836527944, 0.0], [0.0, 0.0, 0.0, 1.0], [7.729596138000488, 1.3666951656341553, -2.8863017559051514]], [[-0.9826537370681763, 0.015198396518826485, -0.1848258227109909, 0.0], [-0.18474526703357697, 0.006555924657732248, 0.9827646017074585, 0.0], [0.016148149967193604, 0.9998630285263062, -0.0036343722604215145, 0.0], [0.0, 0.0, 0.0, 1.0], [7.7279953956604, 1.3714361190795898, -2.8806746006011963]], [[-0.9828168153762817, 0.006415856536477804, -0.1844720095396042, 0.0], [-0.18443217873573303, 0.006332025863230228, 0.9828248620033264, 0.0], [0.007473744917660952, 0.9999593496322632, -0.005039931274950504, 0.0], [0.0, 0.0, 0.0, 1.0], [7.724425792694092, 1.3719422817230225, -2.8774795532226562]], [[-0.9828030467033386, -0.0010039865737780929, -0.1846541315317154, 0.0], [-0.18465641140937805, 0.007540747988969088, 0.9827741980552673, 0.0], [0.00040573818841949105, 0.9999710917472839, -0.007596462965011597, 0.0], [0.0, 0.0, 0.0, 1.0], [7.72066593170166, 1.3722925186157227, -2.875397205352783]], [[-0.9830073118209839, -0.0015074850525707006, -0.18356014788150787, 0.0], [-0.18356625735759735, 0.007127704564481974, 0.9829815030097961, 0.0], [-0.00017346737149637192, 0.999973475933075, -0.007283309008926153, 0.0], [0.0, 0.0, 0.0, 1.0], [7.717960834503174, 1.373788595199585, -2.874985694885254]], [[-0.9828417301177979, 1.1917984011233784e-05, -0.1844509243965149, 0.0], [-0.1844477653503418, 0.005780280102044344, 0.9828253388404846, 0.0], [0.0010778912110254169, 0.9999833106994629, -0.005678901914507151, 0.0], [0.0, 0.0, 0.0, 1.0], [7.718618869781494, 1.3731075525283813, -2.8738231658935547]], [[-0.9828511476516724, -0.0002027994632953778, -0.18440045416355133, 0.0], [-0.1844000518321991, 0.0034199454821646214, 0.9828453063964844, 0.0], [0.00043131900019943714, 0.999994158744812, -0.0033986936323344707, 0.0], [0.0, 0.0, 0.0, 1.0], [7.718626022338867, 1.3718254566192627, -2.873084783554077]], [[-0.9828655123710632, -0.0003411903453525156, -0.18432383239269257, 0.0], [-0.18432414531707764, 0.0018624665681272745, 0.98286372423172, 0.0], [7.953363819979131e-06, 0.9999982118606567, -0.0018934437539428473, 0.0], [0.0, 0.0, 0.0, 1.0], [7.718593597412109, 1.3710076808929443, -2.872586488723755]], [[-0.982867419719696, -0.00021669233683496714, -0.18431395292282104, 0.0], [-0.1843140721321106, 0.001184531138278544, 0.9828667044639587, 0.0], [5.345921181287849e-06, 0.9999992847442627, -0.0012041764566674829, 0.0], [0.0, 0.0, 0.0, 1.0], [7.718656063079834, 1.3706516027450562, -2.872267246246338]], [[-0.9828675985336304, -0.00013818677689414471, -0.1843130886554718, 0.0], [-0.18431313335895538, 0.0007547354325652122, 0.9828673005104065, 0.0], [3.2883497169677867e-06, 0.9999997019767761, -0.0007672746432945132, 0.0], [0.0, 0.0, 0.0, 1.0], [7.718700408935547, 1.3704208135604858, -2.872063159942627]], [[-0.9828674793243408, -8.801470539765432e-05, -0.1843135803937912, 0.0], [-0.1843136101961136, 0.0004809383535757661, 0.9828673601150513, 0.0], [2.136693183274474e-06, 0.9999998807907104, -0.0004889210104010999, 0.0], [0.0, 0.0, 0.0, 1.0], [7.718728065490723, 1.3702669143676758, -2.8719327449798584]], [[-0.9828675985336304, -5.596305345534347e-05, -0.18431313335895538, 0.0], [-0.18431313335895538, 0.00030598833109252155, 0.9828675389289856, 0.0], [1.3934005664850702e-06, 0.9999999403953552, -0.0003110607503913343, 0.0], [0.0, 0.0, 0.0, 1.0], [7.718745231628418, 1.3701673746109009, -2.871849298477173]], [[-0.9828675389289856, -3.542380727594718e-05, -0.18431337177753448, 0.0], [-0.18431337177753448, 0.00019388938380870968, 0.9828675389289856, 0.0], [9.194954486702045e-07, 1.0, -0.00019709666958078742, 0.0], [0.0, 0.0, 0.0, 1.0], [7.718756198883057, 1.3701043128967285, -2.871795892715454]], [[-0.9828675389289856, -2.235761348856613e-05, -0.18431337177753448, 0.0], [-0.18431337177753448, 0.00012247571430634707, 0.9828675389289856, 0.0], [5.993386480440677e-07, 1.0, -0.00012449821224436164, 0.0], [0.0, 0.0, 0.0, 1.0], [7.71876335144043, 1.3700636625289917, -2.8717615604400635]], [[-0.9828675389289856, -1.394048649672186e-05, -0.18431337177753448, 0.0], [-0.18431337177753448, 7.650954648852348e-05, 0.9828675389289856, 0.0], [4.000807791726402e-07, 1.0, -7.776817074045539e-05, 0.0], [0.0, 0.0, 0.0, 1.0], [7.7187676429748535, 1.3700381517410278, -2.8717398643493652]], [[-0.9828674793243408, -8.369866009161342e-06, -0.1843136101961136, 0.0], [-0.1843136101961136, 4.698980046669021e-05, 0.9828674793243408, 0.0], [4.343903299286467e-07, 1.0, -4.772742613567971e-05, 0.0], [0.0, 0.0, 0.0, 1.0], [7.718770503997803, 1.3700218200683594, -2.8717257976531982]], [[-0.9828677773475647, -6.207765181898139e-06, -0.18431197106838226, 0.0], [-0.18431197106838226, 2.8595730327651836e-05, 0.9828677773475647, 0.0], [-8.3087729763065e-07, 1.0, -2.9249988074298017e-05, 0.0], [0.0, 0.0, 0.0, 1.0], [7.7187700271606445, 1.3700132369995117, -2.8717169761657715]]]}, {"frame_count": 41, "end_rotation": [-0.07813851535320282, -0.2890346944332123, 0.21233899891376495], "data": [[[0.9956830143928528, -0.053497545421123505, -0.07585065811872482, 0.0], [0.05486864224076271, 0.9983636736869812, 0.01610761508345604, 0.0], [0.07486481964588165, -0.02019990235567093, 0.9969890713691711, 0.0], [0.0, 0.0, 0.0, 1.0], [0.25925928354263306, 0.0, 0.0]], [[0.9651055932044983, -0.14423896372318268, -0.2185550481081009, 0.0], [0.15306399762630463, 0.9879270195960999, 0.02390865422785282, 0.0], [0.21246787905693054, -0.056527286767959595, 0.9755316972732544, 0.0], [0.0, 0.0, 0.0, 1.0], [0.7407408356666565, 0.0, 0.0]], [[0.9062922596931458, -0.2272099405527115, -0.3563845753669739, 0.0], [0.24958696961402893, 0.9681953191757202, 0.017439398914575577, 0.0], [0.3410874903202057, -0.10475414246320724, 0.9341765642166138, 0.0], [0.0, 0.0, 0.0, 1.0], [1.2216086387634277, 0.0, -0.012769819237291813]], [[0.8213732838630676, -0.2999478280544281, -0.4851568937301636, 0.0], [0.34148865938186646, 0.9398813247680664, -0.002938594203442335, 0.0], [0.4568713307380676, -0.16326190531253815, 0.8744221925735474, 0.0], [0.0, 0.0, 0.0, 1.0], [1.7016592025756836, 0.0, -0.042541950941085815]], [[0.7131867408752441, -0.360446035861969, -0.601201593875885, 0.0], [0.426125705242157, 0.903929591178894, -0.03644472733139992, 0.0], [0.5565802454948425, -0.230195552110672, 0.7982658743858337, 0.0], [0.0, 0.0, 0.0, 1.0], [2.180893898010254, 0.0, -0.08928749710321426]], [[0.5851905345916748, -0.4070996940135956, -0.7013001441955566, 0.0], [0.5011244416236877, 0.8614880442619324, -0.08193103969097137, 0.0], [0.6375157833099365, -0.30349335074424744, 0.7081422209739685, 0.0], [0.0, 0.0, 0.0, 1.0], [2.6593141555786133, 0.0, -0.1529776155948639]], [[0.4413427710533142, -0.43874016404151917, -0.7827666401863098, 0.0], [0.5644421577453613, 0.8138681650161743, -0.1379263997077942, 0.0], [0.6975827217102051, -0.38095366954803467, 0.6068382859230042, 0.0], [0.0, 0.0, 0.0, 1.0], [3.1369214057922363, 0.0, -0.2335834950208664]], [[0.28597214818000793, -0.4546564817428589, -0.8435089588165283, 0.0], [0.6144165992736816, 0.7625018954277039, -0.20268948376178741, 0.0], [0.7353312969207764, -0.4603023827075958, 0.4974028170108795, 0.0], [0.0, 0.0, 0.0, 1.0], [3.6137168407440186, 0.0, -0.33107641339302063]], [[0.12364216148853302, -0.4546012282371521, -0.8820716142654419, 0.0], [0.6498018503189087, 0.7088973522186279, -0.27426648139953613, 0.0], [0.749980092048645, -0.5392608642578125, 0.3830503225326538, 0.0], [0.0, 0.0, 0.0, 1.0], [4.089702129364014, 0.0, -0.44542765617370605]], [[-0.040985479950904846, -0.43878376483917236, -0.8976575136184692, 0.0], [0.669791579246521, 0.6545929312705994, -0.3505529463291168, 0.0], [0.7414171695709229, -0.6156110167503357, 0.2670648694038391, 0.0], [0.0, 0.0, 0.0, 1.0], [4.564878463745117, 0.0, -0.5766085982322693]], [[-0.2032850682735443, -0.407850980758667, -0.8901307582855225, 0.0], [0.6740280389785767, 0.6011139154434204, -0.42935797572135925, 0.0], [0.7101840376853943, -0.6872551441192627, 0.15270553529262543, 0.0], [0.0, 0.0, 0.0, 1.0], [5.039247035980225, 0.0, -0.724590539932251]], [[-0.35879620909690857, -0.36285579204559326, -0.8600005507469177, 0.0], [0.6625994443893433, 0.5499290227890015, -0.5084683895111084, 0.0], [0.6574399471282959, -0.7522724270820618, 0.04311559349298477, 0.0], [0.0, 0.0, 0.0, 1.0], [5.512809753417969, 0.0, -0.8893450498580933]], [[-0.5033414363861084, -0.3052157461643219, -0.8083877563476562, 0.0], [0.6360229849815369, 0.5024125576019287, -0.5857101678848267, 0.0], [0.584912121295929, -0.8089653849601746, -0.05876084417104721, 0.0], [0.0, 0.0, 0.0, 1.0], [5.985567569732666, 0.0, -1.0708435773849487]], [[-0.6331331133842468, -0.23666219413280487, -0.7369758486747742, 0.0], [0.5952188968658447, 0.45980900526046753, -0.6590069532394409, 0.0], [0.4948301911354065, -0.8559010624885559, -0.1502545028924942, 0.0], [0.0, 0.0, 0.0, 1.0], [6.457521915435791, 0.0, -1.2690577507019043]], [[-0.7448652982711792, -0.1591854691505432, -0.6479472517967224, 0.0], [0.5414721369743347, 0.42320236563682556, -0.7264348864555359, 0.0], [0.3898507058620453, -0.8919415473937988, -0.22903427481651306, 0.0], [0.0, 0.0, 0.0, 1.0], [6.928674221038818, 0.0, -1.4839589595794678]], [[-0.8357874155044556, -0.0749722421169281, -0.5439104437828064, 0.0], [0.47638750076293945, 0.3934928774833679, -0.7862685918807983, 0.0], [0.2729732096195221, -0.9162655472755432, -0.2931605577468872, 0.0], [0.0, 0.0, 0.0, 1.0], [7.399025917053223, 0.0, -1.7155189514160156]], [[-0.9284217953681946, 0.1913469135761261, -0.3184639811515808, 0.0], [0.3678344190120697, 0.35284364223480225, -0.8603482842445374, 0.0], [-0.052257001399993896, -0.91590815782547, -0.3979717195034027, 0.0], [0.0, 0.0, 0.0, 1.0], [7.763927936553955, 0.009907735511660576, -1.9861295223236084]], [[-0.9725424647331238, 0.22810450196266174, 0.046146392822265625, 0.0], [-0.0013973762979730964, 0.1925596296787262, -0.9812842607498169, 0.0], [-0.23272129893302917, -0.9544051289558411, -0.18695367872714996, 0.0], [0.0, 0.0, 0.0, 1.0], [7.80794095993042, -0.04720766097307205, -2.3262293338775635]], [[-0.9580019116401672, 0.27757424116134644, 0.07200600951910019, 0.0], [-0.12924452126026154, -0.19379033148288727, -0.9724922180175781, 0.0], [-0.25598475337028503, -0.9409558176994324, 0.22152645885944366, 0.0], [0.0, 0.0, 0.0, 1.0], [7.733824253082275, -0.1206049695611, -2.626065492630005]], [[-0.9869179725646973, 0.1064346432685852, 0.12109757959842682, 0.0], [-0.15197177231311798, -0.3633648157119751, -0.9191684126853943, 0.0], [-0.05382876470685005, -0.9255472421646118, 0.3747863173484802, 0.0], [0.0, 0.0, 0.0, 1.0], [7.662445545196533, -0.16857483983039856, -2.8215012550354004]], [[-0.9866964817047119, -0.1364050656557083, 0.08845160156488419, 0.0], [-0.057593848556280136, -0.21550016105175018, -0.9748038649559021, 0.0], [0.15202952921390533, -0.9669298529624939, 0.20477716624736786, 0.0], [0.0, 0.0, 0.0, 1.0], [7.6138997077941895, -0.19004809856414795, -2.862947463989258]], [[-0.9806941151618958, -0.18649740517139435, -0.058802530169487, 0.0], [0.0499667264521122, 0.05173350125551224, -0.9974101185798645, 0.0], [0.18905647099018097, -0.9810924530029297, -0.04141607880592346, 0.0], [0.0, 0.0, 0.0, 1.0], [7.585521221160889, -0.21035192906856537, -2.8715202808380127]], [[-0.9803081750869751, -0.0664733275771141, -0.18594950437545776, 0.0], [0.17540225386619568, 0.1394815295934677, -0.9745660424232483, 0.0], [0.09071917086839676, -0.9879909753799438, -0.1250753104686737, 0.0], [0.0, 0.0, 0.0, 1.0], [7.565890312194824, -0.23596550524234772, -2.840317487716675]], [[-0.9532666802406311, 0.06883271038532257, -0.2941848635673523, 0.0], [0.302112340927124, 0.2065691351890564, -0.9306220412254333, 0.0], [-0.0032877244520932436, -0.9760078191757202, -0.2177106738090515, 0.0], [0.0, 0.0, 0.0, 1.0], [7.546834945678711, -0.26064905524253845, -2.8241126537323]], [[-0.9208118915557861, 0.10823885351419449, -0.37468624114990234, 0.0], [0.3892033100128174, 0.19338394701480865, -0.9006239175796509, 0.0], [-0.025024188682436943, -0.9751343727111816, -0.2201971709728241, 0.0], [0.0, 0.0, 0.0, 1.0], [7.525478363037109, -0.29668962955474854, -2.797954797744751]], [[-0.8831172585487366, 0.13589249551296234, -0.4490402042865753, 0.0], [0.46728718280792236, 0.16952209174633026, -0.8677009344100952, 0.0], [-0.04179181158542633, -0.976112425327301, -0.21320870518684387, 0.0], [0.0, 0.0, 0.0, 1.0], [7.5067925453186035, -0.33366158604621887, -2.7831974029541016]], [[-0.8409073948860168, 0.14977341890335083, -0.5200409889221191, 0.0], [0.5386675596237183, 0.13917435705661774, -0.8309438824653625, 0.0], [-0.05207693576812744, -0.9788761138916016, -0.1977108269929886, 0.0], [0.0, 0.0, 0.0, 1.0], [7.491830825805664, -0.3707292973995209, -2.7780635356903076]], [[-0.7939779758453369, 0.14847548305988312, -0.5895371437072754, 0.0], [0.6055147051811218, 0.10648468136787415, -0.788677990436554, 0.0], [-0.05432267114520073, -0.9831663370132446, -0.1744505763053894, 0.0], [0.0, 0.0, 0.0, 1.0], [7.4809889793396, -0.40731969475746155, -2.7817299365997314]], [[-0.7424132227897644, 0.13102076947689056, -0.6570054292678833, 0.0], [0.6681934595108032, 0.07400311529636383, -0.7402979135513306, 0.0], [-0.048373956233263016, -0.9886137247085571, -0.14248812198638916, 0.0], [0.0, 0.0, 0.0, 1.0], [7.47434139251709, -0.4435155689716339, -2.794034242630005]], [[-0.686372697353363, 0.09680362790822983, -0.7207784652709961, 0.0], [0.7264145612716675, 0.04376586154103279, -0.6858618259429932, 0.0], [-0.034848425537347794, -0.9943407773971558, -0.10035925358533859, 0.0], [0.0, 0.0, 0.0, 1.0], [7.471754550933838, -0.4796332120895386, -2.815239191055298]], [[-0.625913143157959, 0.045617684721946716, -0.7785574793815613, 0.0], [0.7797536849975586, 0.01774865761399269, -0.6258348226547241, 0.0], [-0.014730783179402351, -0.9988012909889221, -0.046679671853780746, 0.0], [0.0, 0.0, 0.0, 1.0], [7.472917556762695, -0.5160117745399475, -2.8459086418151855]], [[-0.5610003471374512, -0.02222924865782261, -0.827517032623291, 0.0], [0.8277460932731628, -0.002111732494086027, -0.5610988736152649, 0.0], [0.010725311934947968, -0.9997506737709045, 0.019584855064749718, 0.0], [0.0, 0.0, 0.0, 1.0], [7.477404594421387, -0.5529503226280212, -2.8867781162261963]], [[-0.5566529631614685, -0.008554194122552872, -0.8307011127471924, 0.0], [0.8302803039550781, 0.027717197313904762, -0.5566563606262207, 0.0], [0.027786454185843468, -0.9995791912078857, -0.00832648016512394, 0.0], [0.0, 0.0, 0.0, 1.0], [7.480778217315674, -0.5683377981185913, -2.881354331970215]], [[-0.5536810755729675, -0.004434533882886171, -0.8327170014381409, 0.0], [0.8325315713882446, 0.01881544664502144, -0.5536580085754395, 0.0], [0.01812315732240677, -0.9998131394386292, -0.006725868210196495, 0.0], [0.0, 0.0, 0.0, 1.0], [7.482455730438232, -0.5820488929748535, -2.8770358562469482]], [[-0.5458289384841919, -0.013630012981593609, -0.8377857804298401, 0.0], [0.8378169536590576, 0.004908230621367693, -0.5459291338920593, 0.0], [0.011553066782653332, -0.9998950362205505, 0.008740401826798916, 0.0], [0.0, 0.0, 0.0, 1.0], [7.484025955200195, -0.5915046334266663, -2.8810877799987793]], [[-0.5478450655937195, -0.003551593516021967, -0.8365722894668579, 0.0], [0.8365792632102966, -0.0035053323954343796, -0.5478346943855286, 0.0], [-0.0009867778280749917, -0.9999875426292419, 0.004891568329185247, 0.0], [0.0, 0.0, 0.0, 1.0], [7.485513687133789, -0.5931610465049744, -2.8811821937561035]], [[-0.5477554202079773, -0.0011872734175994992, -0.8366376757621765, 0.0], [0.8366373181343079, -0.0024683959782123566, -0.5477516651153564, 0.0], [-0.001414822181686759, -0.9999962449073792, 0.0023453945759683847, 0.0], [0.0, 0.0, 0.0, 1.0], [7.4841413497924805, -0.5933836698532104, -2.8777661323547363]], [[-0.5477790832519531, 0.0013342669699341059, -0.8366219401359558, 0.0], [0.8366195559501648, -0.002014887286350131, -0.5477806925773621, 0.0], [-0.0024165846407413483, -0.999997079372406, -1.2560650247905869e-05, 0.0], [0.0, 0.0, 0.0, 1.0], [7.482855796813965, -0.5936789512634277, -2.875582695007324]], [[-0.5477735996246338, 0.0008823584648780525, -0.8366261124610901, 0.0], [0.8366250991821289, -0.0013066496467217803, -0.5477743148803711, 0.0], [-0.0015765104908496141, -0.9999987483024597, -2.245502946607303e-05, 0.0], [0.0, 0.0, 0.0, 1.0], [7.482729911804199, -0.5937047600746155, -2.874176025390625]], [[-0.5477754473686218, 0.0005631680833175778, -0.8366252183914185, 0.0], [0.836624801158905, -0.0008345924434252083, -0.5477756857872009, 0.0], [-0.001006730948574841, -0.999999463558197, -1.39911908263457e-05, 0.0], [0.0, 0.0, 0.0, 1.0], [7.482909679412842, -0.5939717888832092, -2.8732848167419434]], [[-0.5477761626243591, 0.0003592937719076872, -0.8366248607635498, 0.0], [0.8366246819496155, -0.0005325694219209254, -0.5477762818336487, 0.0], [-0.0006423734012059867, -0.9999998211860657, -8.865196832630318e-06, 0.0], [0.0, 0.0, 0.0, 1.0], [7.483026504516602, -0.5941432118415833, -2.8727145195007324]], [[-0.5477762222290039, 0.0002285981026943773, -0.8366248607635498, 0.0], [0.836624801158905, -0.000339485181029886, -0.5477762818336487, 0.0], [-0.00040924237691797316, -0.9999999403953552, -5.288919510348933e-06, 0.0], [0.0, 0.0, 0.0, 1.0], [7.4831013679504395, -0.5942527055740356, -2.872349500656128]], [[-0.547776460647583, 0.0001451085990993306, -0.8366247415542603, 0.0], [0.8366246819496155, -0.0002158878487534821, -0.5477765202522278, 0.0], [-0.00026010419242084026, -0.9999999403953552, -3.143152753182221e-06, 0.0], [0.0, 0.0, 0.0, 1.0], [7.48314905166626, -0.594322681427002, -2.8721158504486084]], [[-0.547776460647583, 9.174444858217612e-05, -0.8366247415542603, 0.0], [0.8366246819496155, -0.0001367780932923779, -0.5477765202522278, 0.0], [-0.00016468738613184541, -1.0, -1.8318506818104652e-06, 0.0], [0.0, 0.0, 0.0, 1.0], [7.483180046081543, -0.5943673253059387, -2.8719663619995117]], [[-0.5477765202522278, 5.755557867814787e-05, -0.8366247415542603, 0.0], [0.8366246819496155, -8.630206139059737e-05, -0.5477765202522278, 0.0], [-0.00010373003169661388, -1.0, -8.78176422247634e-07, 0.0], [0.0, 0.0, 0.0, 1.0], [7.483199596405029, -0.5943958163261414, -2.871870756149292]], [[-0.5477765202522278, 3.5861332435160875e-05, -0.8366247415542603, 0.0], [0.8366247415542603, -5.3821091569261625e-05, -0.5477765202522278, 0.0], [-6.46720509394072e-05, -1.0, -5.205485535952903e-07, 0.0], [0.0, 0.0, 0.0, 1.0], [7.483212471008301, -0.5944139361381531, -2.871809482574463]], [[-0.5477762818336487, 2.173421671614051e-05, -0.8366248607635498, 0.0], [0.8366248607635498, -3.3332737075397745e-05, -0.5477762818336487, 0.0], [-3.979248504037969e-05, -1.0, 7.549790126404332e-08, 0.0], [0.0, 0.0, 0.0, 1.0], [7.48322057723999, -0.5944255590438843, -2.8717703819274902]], [[-0.5477762818336487, 1.2876557775598485e-05, -0.8366248607635498, 0.0], [0.8366248607635498, -2.0021960153826512e-05, -0.5477762818336487, 0.0], [-2.380434307269752e-05, -1.0, 1.9470718370939721e-07, 0.0], [0.0, 0.0, 0.0, 1.0], [7.483225345611572, -0.5944332480430603, -2.8717453479766846]], [[-0.5477762818336487, 7.3784635787887964e-06, -0.8366248607635498, 0.0], [0.8366248607635498, -1.1407035344745964e-05, -0.5477762818336487, 0.0], [-1.3585156921180896e-05, -1.0, 7.549790126404332e-08, 0.0], [0.0, 0.0, 0.0, 1.0], [7.4832282066345215, -0.5944387912750244, -2.8717293739318848]], [[-0.54777592420578, 3.7819768294866662e-06, -0.8366250991821289, 0.0], [0.8366250991821289, -5.914087978453608e-06, -0.54777592420578, 0.0], [-7.019550139375497e-06, -1.0, 7.549790126404332e-08, 0.0], [0.0, 0.0, 0.0, 1.0], [7.48322868347168, -0.594443678855896, -2.8717188835144043]], [[-0.5477755069732666, 2.201783900090959e-06, -0.836625337600708, 0.0], [0.836625337600708, -1.5420233694385388e-06, -0.5477755069732666, 0.0], [-2.49617914960254e-06, -1.0, -9.973856549549964e-07, 0.0], [0.0, 0.0, 0.0, 1.0], [7.4832282066345215, -0.5944483876228333, -2.8717124462127686]], [[-0.5477778911590576, 7.757060984658892e-07, -0.8366237878799438, 0.0], [0.8366237878799438, 6.360452289300156e-07, -0.5477778911590576, 0.0], [1.0721591081619408e-07, -1.0, -9.973856549549964e-07, 0.0], [0.0, 0.0, 0.0, 1.0], [7.483226776123047, -0.5944514274597168, -2.8717081546783447]]]}, {"frame_count": 55, "end_rotation": [-0.3595927059650421, -0.28954681754112244, -0.21153561770915985], "data": [[[0.9956845045089722, 0.061548247933387756, -0.06945638358592987, 0.0], [-0.05466071143746376, 0.9937778115272522, 0.09704592078924179, 0.0], [0.07499721646308899, -0.0928305834531784, 0.9928534030914307, 0.0], [0.0, 0.0, 0.0, 1.0], [0.388888955116272, 0.0, 0.0]], [[0.9651168584823608, 0.20588764548301697, -0.16173984110355377, 0.0], [-0.15247705578804016, 0.9441720843315125, 0.29204419255256653, 0.0], [0.2128385454416275, -0.2571951746940613, 0.9426295161247253, 0.0], [0.0, 0.0, 0.0, 1.0], [1.1111112833023071, 0.0, 0.0]], [[0.9071341156959534, 0.3584197461605072, -0.22055146098136902, 0.0], [-0.21789327263832092, 0.8483679294586182, 0.4824877381324768, 0.0], [0.36004188656806946, -0.3896244168281555, 0.8476807475090027, 0.0], [0.0, 0.0, 0.0, 1.0], [1.8324129581451416, 0.0, -0.012769819237291813]], [[0.8257986307144165, 0.5091827511787415, -0.24246560037136078, 0.0], [-0.24704399704933167, 0.7130874395370483, 0.6561063528060913, 0.0], [0.5069772005081177, -0.4819120764732361, 0.714657187461853, 0.0], [0.0, 0.0, 0.0, 1.0], [2.5524888038635254, 0.0, -0.042541950941085815]], [[0.726543664932251, 0.6486887335777283, -0.22657714784145355, 0.0], [-0.23855991661548615, 0.5473757386207581, 0.802165150642395, 0.0], [0.6443783640861511, -0.528755784034729, 0.5524435043334961, 0.0], [0.0, 0.0, 0.0, 1.0], [3.271340847015381, 0.0, -0.08928749710321426]], [[0.6158087253570557, 0.7683585286140442, -0.17436979711055756, 0.0], [-0.19345860183238983, 0.3619910478591919, 0.9118860960006714, 0.0], [0.7637757658958435, -0.5278140902519226, 0.37156280875205994, 0.0], [0.0, 0.0, 0.0, 1.0], [3.98897123336792, 0.0, -0.1529776155948639]], [[0.5006072521209717, 0.8610303401947021, -0.08954975008964539, 0.0], [-0.11501037329435349, 0.1686801016330719, 0.9789380431175232, 0.0], [0.8580005764961243, -0.47976434230804443, 0.18346990644931793, 0.0], [0.0, 0.0, 0.0, 1.0], [4.705381870269775, 0.0, -0.2335834950208664]], [[0.3880770206451416, 0.9213584065437317, 0.02224784344434738, 0.0], [-0.008468063548207283, -0.02057405188679695, 0.9997524619102478, 0.0], [0.9215880632400513, -0.3881693482398987, -0.00018219533376395702, 0.0], [0.0, 0.0, 0.0, 1.0], [5.420575141906738, 0.0, -0.33107641339302063]], [[0.2850390374660492, 0.9460861682891846, 0.1538626253604889, 0.0], [0.11931367218494415, -0.19429409503936768, 0.9736601114273071, 0.0], [0.9510610103607178, -0.2591732144355774, -0.16826242208480835, 0.0], [0.0, 0.0, 0.0, 1.0], [6.134552955627441, 0.0, -0.44542765617370605]], [[0.19759312272071838, 0.9341813921928406, 0.2970893681049347, 0.0], [0.2603425979614258, -0.3421897888183594, 0.9028443098068237, 0.0], [0.9450812935829163, -0.10105081647634506, -0.3108215630054474, 0.0], [0.0, 0.0, 0.0, 1.0], [6.847317695617676, 0.0, -0.5766085982322693]], [[0.13077236711978912, 0.8868313431739807, 0.44320282340049744, 0.0], [0.40600427985191345, -0.45574134588241577, 0.7921239733695984, 0.0], [0.9044662117958069, 0.07635431736707687, -0.4196556806564331, 0.0], [0.0, 0.0, 0.0, 1.0], [7.558870792388916, 0.0, -0.724590539932251]], [[0.08186545968055725, 0.8886059522628784, 0.45130646228790283, 0.0], [0.5513836145401001, -0.4175958037376404, 0.7222117781639099, 0.0], [0.83022540807724, 0.18971876800060272, -0.5241494178771973, 0.0], [0.0, 0.0, 0.0, 1.0], [7.8707756996154785, -0.012808681465685368, -0.7975764274597168]], [[0.015215200372040272, 0.9458938837051392, 0.3241192400455475, 0.0], [0.6806345582008362, -0.24725894629955292, 0.689637303352356, 0.0], [0.7324650883674622, 0.2101137787103653, -0.6475701332092285, 0.0], [0.0, 0.0, 0.0, 1.0], [7.7840495109558105, -0.03839338570833206, -0.7957715392112732]], [[-0.07209854573011398, 0.9768922924995422, 0.20120461285114288, 0.0], [0.7813558578491211, -0.07005950063467026, 0.6201408505439758, 0.0], [0.6199070811271667, 0.201923668384552, -0.7582492828369141, 0.0], [0.0, 0.0, 0.0, 1.0], [7.6974711418151855, -0.06393460929393768, -0.8109937906265259]], [[-0.17568166553974152, 0.9804776310920715, 0.088315449655056, 0.0], [0.8491582274436951, 0.10553993284702301, 0.5174857974052429, 0.0], [0.49806246161460876, 0.16590656340122223, -0.8511220812797546, 0.0], [0.0, 0.0, 0.0, 1.0], [7.611040115356445, -0.08943243324756622, -0.8432141542434692]], [[-0.29047077894210815, 0.9568377733230591, -0.009390439838171005, 0.0], [0.8812927603721619, 0.2713344693183899, 0.3869117200374603, 0.0], [0.37275969982147217, 0.10411082208156586, -0.9220689535140991, 0.0], [0.0, 0.0, 0.0, 1.0], [7.524755477905273, -0.11488691717386246, -0.892403781414032]], [[-0.4109903872013092, 0.9074237942695618, -0.08757290244102478, 0.0], [0.8767302632331848, 0.4197528064250946, 0.234843909740448, 0.0], [0.2498619109392166, 0.01974077709019184, -0.9680802226066589, 0.0], [0.0, 0.0, 0.0, 1.0], [7.438617706298828, -0.14029814302921295, -0.9585338234901428]], [[-0.5316173434257507, 0.8348451852798462, -0.14288625121116638, 0.0], [0.8361574411392212, 0.5441874861717224, 0