{"count": 1, "forces": [0.5, 1.0, 1.5], "animations": [[{"frame_count": 43, "end_rotation": [2.571718198396411e-07, 4.6275692966446513e-07, -0.13121916353702545], "angle_change": [0, 0, -7.518304443034232], "result": 1, "data": [[[1.0, -0.0, 0.0, 0.0], [0.0, 1.0, -0.0, 0.0], [0.0, 0.0, 1.0, 0.0], [0.0, 0.0, 0.0, 1.0], [0.0, 1.5, 0.0], [0.0, -0.0, 0.0]], [[0.9911777377128601, 0.11534131318330765, 0.0652923658490181, 0.0], [-0.11684397608041763, 0.9929554462432861, 0.019670957699418068, 0.0], [-0.06256353110074997, -0.027126435190439224, 0.9976722598075867, 0.0], [0.0, 0.0, 0.0, 1.0], [0.12962964177131653, 1.5, 0.0], [-1.557472775234081, 3.5869690383937534, -6.723225846289413]], [[0.9292571544647217, 0.3149910867214203, 0.19303302466869354, 0.0], [-0.3237691819667816, 0.9460186958312988, 0.014906218275427818, 0.0], [-0.17791752517223358, -0.07634985446929932, 0.9810790419578552, 0.0], [0.0, 0.0, 0.0, 1.0], [0.37037041783332825, 1.5, 0.0], [-4.4499220320030215, 10.248484552418924, -19.209215484007398]], [[0.8121036291122437, 0.4921545684337616, 0.31348294019699097, 0.0], [-0.5134863257408142, 0.8579354286193848, -0.016692278906702995, 0.0], [-0.2771632969379425, -0.14741334319114685, 0.9494470953941345, 0.0], [0.0, 0.0, 0.0, 1.0], [0.6108043193817139, 1.5, -0.012769819237291813], [-8.825408662431244, 16.090974580708117, -32.30482426458477]], [[0.6474714875221252, 0.6363076567649841, 0.4193962812423706, 0.0], [-0.6746475696563721, 0.7345315217971802, -0.07289764285087585, 0.0], [-0.35444512963294983, -0.23574553430080414, 0.9048716425895691, 0.0], [0.0, 0.0, 0.0, 1.0], [0.8508296012878418, 1.5, -0.042541950941085815], [-14.6026165964071, 20.75944132181039, -46.17754635571679]], [[0.4457322955131531, 0.7393350005149841, 0.504684567451477, 0.0], [-0.7980719208717346, 0.5835778713226318, -0.15006032586097717, 0.0], [-0.40546759963035583, -0.3358878195285797, 0.8501619696617126, 0.0], [0.0, 0.0, 0.0, 1.0], [1.090446949005127, 1.5, -0.08928749710321426], [-21.558324152797177, 23.92043237912478, -60.816140973576935]], [[0.21921861171722412, 0.7957166433334351, 0.5646044611930847, 0.0], [-0.8769972324371338, 0.4142995774745941, -0.24337559938430786, 0.0], [-0.42757341265678406, -0.44180411100387573, 0.7886635065078735, 0.0], [0.0, 0.0, 0.0, 1.0], [1.3296570777893066, 1.5, -0.1529776155948639], [-29.257262158816776, 25.31366119621315, -75.96564398663779]], [[-0.01855730079114437, 0.8027735352516174, 0.5959952473640442, 0.0], [-0.907403826713562, 0.2367921620607376, -0.34719982743263245, 0.0], [-0.41984981298446655, -0.5472514629364014, 0.7240455746650696, 0.0], [0.0, 0.0, 0.0, 1.0], [1.5684607028961182, 1.5, -0.2335834950208664], [-37.08288651356177, 24.825106302618604, -91.17159168299962]], [[-0.2537224292755127, 0.7607372403144836, 0.5974142551422119, 0.0], [-0.8881649374961853, 0.061409998685121536, -0.45540300011634827, 0.0], [-0.3831292390823364, -0.6461483240127563, 0.6600790619850159, 0.0], [0.0, 0.0, 0.0, 1.0], [1.8068584203720093, 1.5, -0.33107641339302063], [-44.38897252908974, 22.527649231879753, -105.94307104625695]], [[-0.4728524684906006, 0.6726498007774353, 0.5691685080528259, 0.0], [-0.8210247159004211, -0.1018376275897026, -0.5617361068725586, 0.0], [-0.3198889195919037, -0.7329197525978088, 0.6004163026809692, 0.0], [0.0, 0.0, 0.0, 1.0], [2.044851064682007, 1.5, -0.44542765617370605], [-50.6752703203998, 18.656207510310022, -119.93891412736762]], [[-0.6637235283851624, 0.5441051721572876, 0.513245165348053, 0.0], [-0.7104132175445557, -0.24384663999080658, -0.6601908206939697, 0.0], [-0.2340601235628128, -0.8028003573417664, 0.54838627576828, 0.0], [0.0, 0.0, 0.0, 1.0], [2.2824392318725586, 1.5, -0.5766085982322693], [-55.66334039578718, 13.536226845255827, -133.05398382443767]], [[-0.8159680366516113, 0.3828567564487457, 0.4331476390361786, 0.0], [-0.5631139874458313, -0.3569062054157257, -0.7453325390815735, 0.0], [-0.13076253235340118, -0.8520790338516235, 0.506816029548645, 0.0], [0.0, 0.0, 0.0, 1.0], [2.5196235179901123, 1.5, -0.724590539932251], [-59.25584572939005, 7.513658025725601, -145.3897562579659]], [[-0.9215988516807556, 0.19831794500350952, 0.33365485072135925, 0.0], [-0.38781461119651794, -0.4350883960723877, -0.8125872015953064, 0.0], [-0.015981273725628853, -0.8782756328582764, 0.4778875410556793, 0.0], [0.0, 0.0, 0.0, 1.0], [2.7564048767089844, 1.5, -0.8893450498580933], [-61.44849354731505, 0.9156984891444566, -157.17833491632774]], [[-0.9753827452659607, 0.000988922780379653, 0.22051650285720825, 0.0], [-0.19456572830677032, -0.474524587392807, -0.8584699034690857, 0.0], [0.10379154235124588, -0.8802416920661926, 0.463035523891449, 0.0], [0.0, 0.0, 0.0, 1.0], [2.992783784866333, 1.5, -1.0708435773849487], [-62.25418266180976, -5.957546699292174, -168.71892306630477]], [[-0.975045382976532, -0.19815410673618317, 0.10010738670825958, 0.0], [0.005813334137201309, -0.47355690598487854, -0.8807440400123596, 0.0], [0.22192959487438202, -0.8581834435462952, 0.4628913998603821, 0.0], [0.0, 0.0, 0.0, 1.0], [3.2287609577178955, 1.5, -1.2690577507019043], [-61.65823499634781, -12.822392676040392, 179.65839992780732]], [[-0.9213066101074219, -0.3882727026939392, -0.020938754081726074, 0.0], [0.2023477703332901, -0.4327615797519684, -0.8785060048103333, 0.0], [0.33203843235969543, -0.813610315322876, 0.4772722125053406, 0.0], [0.0, 0.0, 0.0, 1.0], [3.464337110519409, 1.5, -1.4839589595794678], [-59.603673112872954, -19.392546299067003, 167.6127329490862]], [[-0.8177520036697388, -0.5592487454414368, -0.13609738647937775, 0.0], [0.38450708985328674, -0.354851096868515, -0.8521941900253296, 0.0], [0.42829427123069763, -0.7492139339447021, 0.5052152872085571, 0.0], [0.0, 0.0, 0.0, 1.0], [3.6995129585266113, 1.5, -1.7155189514160156], [-56.007141382754355, -25.359358576855122, 154.817083878741]], [[-0.6705536842346191, -0.7022062540054321, -0.2392992228269577, 0.0], [0.5427566170692444, -0.24446460604667664, -0.803524911403656, 0.0], [0.5057400465011597, -0.6686878800392151, 0.5450537204742432, 0.0], [0.0, 0.0, 0.0, 1.0], [3.93428897857666, 1.5, -1.9637094736099243], [-50.81620102863925, -30.380490182919957, 141.0127524717683]], [[-0.4880649149417877, -0.8099455833435059, -0.3252395689487457, 0.0], [0.6690345406532288, -0.10786303132772446, -0.7353627681732178, 0.0], [0.5605224967002869, -0.5765012502670288, 0.5945256948471069, 0.0], [0.0, 0.0, 0.0, 1.0], [4.168665885925293, 1.5, -2.2285022735595703], [-44.118172603971665, -34.091939845824015, 126.11098725009298]], [[-0.28031349182128906, -0.8772733807563782, -0.38963547348976135, 0.0], [0.7571330070495605, 0.047450024634599686, -0.6515352129936218, 0.0], [0.59006267786026, -0.47763997316360474, 0.6509117484092712, 0.0], [0.0, 0.0, 0.0, 1.0], [4.402644634246826, 1.5, -2.50986909866333], [-36.27127562505666, -36.161456428486616, 110.31607234160093]], [[-0.058427270501852036, -0.9012135863304138, -0.42941856384277344, 0.0], [0.8029674291610718, 0.21315762400627136, -0.556603193283081, 0.0], [0.5931522250175476, -0.37732991576194763, 0.711190938949585, 0.0], [0.0, 0.0, 0.0, 1.0], [4.636226177215576, 1.5, -2.807781457901001], [-27.948661093092152, -36.381019689545845, 94.16174604879366]], [[0.276241272687912, -0.9156443476676941, -0.2920379638671875, 0.0], [0.7959667444229126, 0.3882606029510498, -0.46442511677742004, 0.0], [0.5386350750923157, -0.10415910929441452, 0.836076021194458, 0.0], [0.0, 0.0, 0.0, 1.0], [4.8929548263549805, 1.503994107246399, -2.872313976287842], [-7.101372012611176, -32.590770134187345, 70.86060350661934]], [[0.5700585842132568, -0.814285159111023, -0.10942091047763824, 0.0], [0.7238848805427551, 0.5607771873474121, -0.40189504623413086, 0.0], [0.3886179029941559, 0.1498955637216568, 0.9091245532035828, 0.0], [0.0, 0.0, 0.0, 1.0], [5.149247646331787, 1.5079814195632935, -2.9537606239318848], [9.362637191598596, -22.868528605429457, 51.77960604125872]], [[0.7083256244659424, -0.7058222889900208, -0.009469198994338512, 0.0], [0.6802898645401001, 0.6861594319343567, -0.2576645016670227, 0.0], [0.1883627325296402, 0.17606857419013977, 0.9661880731582642, 0.0], [0.0, 0.0, 0.0, 1.0], [5.422096252441406, 1.528595209121704, -2.9798336029052734], [10.32769254867627, -10.857250775405697, 43.84337018799995]], [[0.8059585690498352, -0.5808036923408508, 0.11444573849439621, 0.0], [0.591651201248169, 0.796687662601471, -0.1234404519200325, 0.0], [-0.019482839852571487, 0.16719985008239746, 0.9857305288314819, 0.0], [0.0, 0.0, 0.0, 1.0], [5.694481372833252, 1.5491739511489868, -3.022886276245117], [9.626897210586389, 1.1163551462508565, 36.28225515414746]], [[0.8623933792114258, -0.4733187258243561, 0.179574653506279, 0.0], [0.48169466853141785, 0.87633216381073, -0.003485105698928237, 0.0], [-0.15571749210357666, 0.08950568735599518, 0.9837381839752197, 0.0], [0.0, 0.0, 0.0, 1.0], [5.959131240844727, 1.5763421058654785, -3.0529956817626953], [5.198757932507008, 8.958410374817962, 29.185787644247174]], [[0.9040716886520386, -0.38702139258384705, 0.18129755556583405, 0.0], [0.3714808523654938, 0.9213643074035645, 0.11441072821617126, 0.0], [-0.21132048964500427, -0.03608693554997444, 0.9767504334449768, 0.0], [0.0, 0.0, 0.0, 1.0], [6.216065406799316, 1.610082745552063, -3.0702097415924072], [-2.115882468069584, 12.199747508660153, 22.337640199359168]], [[0.920638918876648, -0.3427324891090393, 0.18697164952754974, 0.0], [0.3307933807373047, 0.939139187335968, 0.09269990772008896, 0.0], [-0.20736368000507355, -0.023494156077504158, 0.9779817461967468, 0.0], [0.0, 0.0, 0.0, 1.0], [6.459110260009766, 1.6463876962661743, -3.0626730918884277], [-1.3761577197532762, 11.967901859925947, 19.763794401213875]], [[0.9377067685127258, -0.2972005307674408, 0.17993856966495514, 0.0], [0.28890442848205566, 0.9546992778778076, 0.07129913568496704, 0.0], [-0.19297735393047333, -0.014872628264129162, 0.9810904860496521, 0.0], [0.0, 0.0, 0.0, 1.0], [6.698676109313965, 1.6823277473449707, -3.0628085136413574], [-0.8684963858118208, 11.126590747588688, 17.123897258699976]], [[0.9548946022987366, -0.25073060393333435, 0.1590927392244339, 0.0], [0.24574445188045502, 0.9680129885673523, 0.050602026283741, 0.0], [-0.16669131815433502, -0.009223442524671555, 0.9859659671783447, 0.0], [0.0, 0.0, 0.0, 1.0], [6.934543132781982, 1.717896580696106, -3.0699193477630615], [-0.5359707071430128, 9.595500538519133, 14.432036036980618]], [[0.9712209105491638, -0.2035142183303833, 0.1237412691116333, 0.0], [0.20117348432540894, 0.979056715965271, 0.031259406358003616, 0.0], [-0.12751145660877228, -0.0054663256742060184, 0.9918220639228821, 0.0], [0.0, 0.0, 0.0, 1.0], [7.166773319244385, 1.7531180381774902, -3.0841667652130127], [-0.31577664076133516, 7.325812455624617, 11.702449119154341]], [[0.9851032495498657, -0.15554791688919067, 0.07332395762205124, 0.0], [0.15489940345287323, 0.9878240823745728, 0.014484730549156666, 0.0], [-0.07468423992395401, -0.002911118557676673, 0.99720299243927, 0.0], [0.0, 0.0, 0.0, 1.0], [7.395583629608154, 1.7880343198776245, -3.106191635131836], [-0.1672621680471283, 4.283079720486651, 8.936121760008918]], [[0.994260847568512, -0.10670599341392517, 0.007695745211094618, 0.0], [0.1066940426826477, 0.9942899942398071, 0.0019488837569952011, 0.0], [-0.007859759964048862, -0.0011166086187586188, 0.9999684691429138, 0.0], [0.0, 0.0, 0.0, 1.0], [7.621297836303711, 1.8227001428604126, -3.1369528770446777], [-0.0639789489145714, 0.45033571632009695, 6.12496616179341]], [[0.9974319934844971, -0.06300664693117142, -0.034052375704050064, 0.0], [0.06262657791376114, 0.9979634881019592, -0.012116075493395329, 0.0], [0.03474641963839531, 0.009952378459274769, 0.9993466138839722, 0.0], [0.0, 0.0, 0.0, 1.0], [7.836293697357178, 1.8559321165084839, -3.1528849601745605], [0.5705832243705813, -1.9912240451974463, 3.592760611923101]], [[0.9996350407600403, -0.018692219629883766, -0.019502926617860794, 0.0], [0.01861923560500145, 0.9998189806938171, -0.003917147871106863, 0.0], [0.01957261562347412, 0.0035525888670235872, 0.9998021125793457, 0.0], [0.0, 0.0, 0.0, 1.0], [8.038705825805664, 1.887012243270874, -3.14809513092041], [0.20358778209590064, -1.1214998795214628, 1.0670696751388082]], [[0.992290198802948, 0.12393072247505188, -0.00113291060552001, 0.0], [-0.12393184006214142, 0.9921423196792603, -0.017162028700113297, 0.0], [-0.001002894132398069, 0.017170116305351257, 0.9998520612716675, 0.0], [0.0, 0.0, 0.0, 1.0], [8.049572944641113, 1.9093523025512695, -3.1480627059936523], [0.9838240765866332, 0.05746160775495036, -7.11907885114761]], [[0.9922024011611938, 0.12417462468147278, 0.010727126151323318, 0.0], [-0.12406203895807266, 0.9922178983688354, -0.010593670420348644, 0.0], [-0.011959112249314785, 0.009180236607789993, 0.9998863339424133, 0.0], [0.0, 0.0, 0.0, 1.0], [7.978366374969482, 1.9107166528701782, -3.1404151916503906], [0.5260337957568492, 0.6852229870299265, -7.127105177196022]], [[0.9922943711280823, 0.12389759719371796, 0.0011250529205426574, 0.0], [-0.12389262020587921, 0.9922885298728943, -0.003751800861209631, 0.0], [-0.0015812162309885025, 0.0035835050512105227, 0.999992311000824, 0.0], [0.0, 0.0, 0.0, 1.0], [7.90905237197876, 1.9121334552764893, -3.1444153785705566], [0.20532040898926246, 0.09059705655386395, -7.116819339192806]], [[0.9924934506416321, 0.12229715287685394, 0.0004602391563821584, 0.0], [-0.12229768931865692, 0.9924749732017517, 0.006058371625840664, 0.0], [0.0002841457608155906, -0.006069180089980364, 0.9999815225601196, 0.0], [0.0, 0.0, 0.0, 1.0], [7.846158504486084, 1.9140965938568115, -3.1465349197387695], [-0.3477405653752461, -0.016280352861267108, -7.024727471726701]], [[0.9922197461128235, 0.12449871003627777, 0.00030490854987874627, 0.0], [-0.12449894845485687, 0.992212176322937, 0.0038768642116338015, 0.0], [0.00018013060616794974, -0.003884661942720413, 0.9999924302101135, 0.0], [0.0, 0.0, 0.0, 1.0], [7.790380954742432, 1.9162732362747192, -3.144204616546631], [-0.22257529444192617, -0.010320723494556715, -7.151821924255005]], [[0.9920055270195007, 0.12619417905807495, 0.00020058128575328737, 0.0], [-0.1261942833662033, 0.9920024275779724, 0.002481064759194851, 0.0], [0.00011411877494538203, -0.002486542100086808, 0.9999969005584717, 0.0], [0.0, 0.0, 0.0, 1.0], [7.74001407623291, 1.91811203956604, -3.1427149772644043], [-0.14246851465891588, -0.006538524167573672, -7.249729270912553]], [[0.9918370842933655, 0.12751132249832153, 0.00013140476949047297, 0.0], [-0.12751136720180511, 0.9918358325958252, 0.0015879333950579166, 0.0], [7.214752258732915e-05, -0.0015917267883196473, 0.9999987483024597, 0.0], [0.0, 0.0, 0.0, 1.0], [7.695149898529053, 1.9196536540985107, -3.1417622566223145], [-0.09119926712926885, -0.004133748546578738, -7.32580733298274]], [[0.9917048215866089, 0.12853625416755676, 8.593338134232908e-05, 0.0], [-0.12853626906871796, 0.9917042851448059, 0.0010164201958104968, 0.0], [4.542633905657567e-05, -0.0010190343018621206, 0.999999463558197, 0.0], [0.0, 0.0, 0.0, 1.0], [7.6558451652526855, 1.920930027961731, -3.1411526203155518], [-0.05838637801597306, -0.0026027375066720797, -7.385017389123934]], [[0.9916018843650818, 0.1293276995420456, 5.6227363529615104e-05, 0.0], [-0.1293276995420456, 0.9916017055511475, 0.0006506962818093598, 0.0], [2.8397898859111592e-05, -0.0006525033968500793, 0.9999997615814209, 0.0], [0.0, 0.0, 0.0, 1.0], [7.62213134765625, 1.9219660758972168, -3.1407625675201416], [-0.0373856940925127, -0.0016270797516664698, -7.430744651843524]], [[0.9915239810943604, 0.12992368638515472, 3.6267687391955405e-05, 0.0], [-0.12992368638515472, 0.9915239214897156, 0.00041642264113761485, 0.0], [1.814288043533452e-05, -0.000417605071561411, 0.9999999403953552, 0.0], [0.0, 0.0, 0.0, 1.0], [7.594026565551758, 1.9227826595306396, -3.140512704849243], [-0.02392700810372757, -0.0010395104771551416, -7.465182465638728]], [[0.9914680123329163, 0.13035009801387787, 2.3340839106822386e-05, 0.0], [-0.13035011291503906, 0.9914680123329163, 0.00026650080690160394, 0.0], [1.1596715012274217e-05, -0.00026726952637545764, 0.9999999403953552, 0.0], [0.0, 0.0, 0.0, 1.0], [7.571537971496582, 1.9233973026275635, -3.140352725982666], [-0.015313415853774161, -0.0006644428264193153, -7.489824080616841]], [[0.9914312362670898, 0.13062964379787445, 1.4992767319199629e-05, 0.0], [-0.13062964379787445, 0.9914312362670898, 0.00017055730859283358, 0.0], [7.415542313538026e-06, -0.00017105434380937368, 1.0, 0.0], [0.0, 0.0, 0.0, 1.0], [7.5546674728393555, 1.9238263368606567, -3.1402504444122314], [-0.009800691967656852, -0.0004248792773664071, -7.505978331777568]], [[0.9914108514785767, 0.13078442215919495, 9.615039743948728e-06, 0.0], [-0.13078442215919495, 0.9914108514785767, 0.00010915653547272086, 0.0], [4.743519184557954e-06, -0.00010947646660497412, 1.0, 0.0], [0.0, 0.0, 0.0, 1.0], [7.543412685394287, 1.9240854978561401, -3.1401848793029785], [-0.006272539492469917, -0.0002717836293145086, -7.514923318269346]], [[0.9914035201072693, 0.1308397650718689, 6.15846693108324e-06, 0.0], [-0.1308397650718689, 0.9914035201072693, 6.986139487707987e-05, 0.0], [3.035122517758282e-06, -7.00666059856303e-05, 1.0, 0.0], [0.0, 0.0, 0.0, 1.0], [7.537769317626953, 1.924193024635315, -3.1401429176330566], [-0.004014520807782688, -0.0001738997105726698, -7.518121554348204]], [[0.9914035201072693, 0.1308400183916092, -7.587071877424023e-07, 0.0], [-0.1308400183916092, 0.9914035201072693, 4.561293462757021e-05, 0.0], [6.720181772834621e-06, -4.5121552830096334e-05, 1.0, 0.0], [0.0, 0.0, 0.0, 1.0], [7.537047386169434, 1.924190640449524, -3.140115976333618], [-0.002585274542241095, -0.00038503805314416716, -7.518136068500191]], [[0.991403341293335, 0.13084106147289276, -1.097549102269113e-06, 0.0], [-0.13084106147289276, 0.991403341293335, 2.8531892894534394e-05, 0.0], [4.821256879949942e-06, -2.8143009330960922e-05, 1.0, 0.0], [0.0, 0.0, 0.0, 1.0], [7.537044525146484, 1.924180030822754, -3.140098810195923], [-0.0016124756574613555, -0.0002762376711695431, -7.518196686429074]], [[0.991403341293335, 0.1308411955833435, -4.0695780967325845e-07, 0.0], [-0.1308411955833435, 0.991403341293335, 1.8005557649303228e-05, 0.0], [2.7593280265136855e-06, -1.7797523469198495e-05, 1.0, 0.0], [0.0, 0.0, 0.0, 1.0], [7.537046909332275, 1.9241739511489868, -3.140087842941284], [-0.001019722980570105, -0.0001580978502113967, -7.51820437039189]], [[0.991403341293335, 0.13084132969379425, 1.7078907177392466e-08, 0.0], [-0.13084132969379425, 0.991403341293335, 1.119922126235906e-05, 0.0], [1.4483888435279368e-06, -1.110517951019574e-05, 1.0, 0.0], [0.0, 0.0, 0.0, 1.0], [7.537047386169434, 1.924169659614563, -3.1400809288024902], [-0.0006362799166693746, -8.298656782798496e-05, -7.518212054354707]], [[0.9914032816886902, 0.1308414340019226, 2.3395176640406135e-07, 0.0], [-0.1308414340019226, 0.9914032816886902, 6.918506187503226e-06, 0.0], [6.732867063874437e-07, -6.889640644658357e-06, 1.0, 0.0], [0.0, 0.0, 0.0, 1.0], [7.53704833984375, 1.9241670370101929, -3.1400763988494873], [-0.0003947473313007156, -3.857648667826437e-05, -7.518218030770231]], [[0.9914032816886902, 0.13084149360656738, 3.7185088785918197e-07, 0.0], [-0.13084149360656738, 0.9914032816886902, 4.161397100688191e-06, 0.0], [1.7582921429948328e-07, -4.1742764551599976e-06, 1.0, 0.0], [0.0, 0.0, 0.0, 1.0], [7.537048816680908, 1.9241653680801392, -3.140073537826538], [-0.0002391684234014981, -1.0074271894461695e-05, -7.518221445864816]], [[0.9914032816886902, 0.13084164261817932, 5.116196462040534e-07, 0.0], [-0.13084164261817932, 0.9914032816886902, 2.4189168925659033e-06, 0.0], [-1.9072633961059182e-07, -2.465063289491809e-06, 1.0, 0.0], [0.0, 0.0, 0.0, 1.0], [7.537050724029541, 1.924164056777954, -3.1400716304779053], [-0.0001412377227205161, 1.0927814301665728e-05, -7.518229983601278]], [[0.9914032816886902, 0.1308417022228241, 5.586385327660537e-07, 0.0], [-0.1308417022228241, 0.9914032816886902, 1.2754318277075072e-06, 0.0], [-3.8695640114383423e-07, -1.3375605476539931e-06, 1.0, 0.0], [0.0, 0.0, 0.0, 1.0], [7.537051200866699, 1.9241633415222168, -3.1400704383850098], [-7.663657422378083e-05, 2.2170968641112964e-05, -7.518233398695863]], [[0.9914032220840454, 0.13084197044372559, 8.632816275166988e-07, 0.0], [-0.13084197044372559, 0.9914032220840454, 5.54944165287452e-07, 0.0], [-7.832501864868391e-07, -6.631269116041949e-07, 1.0, 0.0], [0.0, 0.0, 0.0, 1.0], [7.537054061889648, 1.9241622686386108, -3.1400697231292725], [-3.799437331646518e-05, 4.487692998853054e-05, -7.518249620395141]], [[0.9914032220840454, 0.13084207475185394, 8.325532689923421e-07, 0.0], [-0.13084207475185394, 0.9914032220840454, 3.4799189307932465e-08, 0.0], [-8.208427857425704e-07, -1.434330272331863e-07, 1.0, 0.0], [0.0, 0.0, 0.0, 1.0], [7.537054061889648, 1.924161434173584, -3.1400692462921143], [-8.218107103246575e-06, 4.703082726681059e-05, -7.518255596810666]], [[0.9914032220840454, 0.13084222376346588, 7.904951075943245e-07, 0.0], [-0.13084222376346588, 0.9914032220840454, -2.2241940200729005e-07, 0.0], [-8.128012041197508e-07, 1.1707716396358592e-07, 1.0, 0.0], [0.0, 0.0, 0.0, 1.0], [7.537055492401123, 1.9241609573364258, -3.140069007873535], [6.708027372474606e-06, 4.657007857921306e-05, -7.518264134547128]], [[0.9914032220840454, 0.13084228336811066, 6.709756235068198e-07, 0.0], [-0.13084228336811066, 0.9914032220840454, -3.605613301260746e-07, 0.0], [-7.123840646272583e-07, 2.696696697057632e-07, 1.0, 0.0], [0.0, 0.0, 0.0, 1.0], [7.5370564460754395, 1.9241607189178467, -3.140068769454956], [1.5450933936827145e-05, 4.081660029551678e-05, -7.518267549641713]], [[0.9914031624794006, 0.13084258139133453, 7.880335601839761e-07, 0.0], [-0.13084258139133453, 0.9914031624794006, -2.7741450026042003e-07, 0.0], [-8.175566108548082e-07, 1.7192125767451216e-07, 1.0, 0.0], [0.0, 0.0, 0.0, 1.0], [7.537059307098389, 1.9241598844528198, -3.140068769454956], [9.850362473330662e-06, 4.684254331499994e-05, -7.518284625114638]], [[0.9914031624794006, 0.13084276020526886, 5.948875241301721e-07, 0.0], [-0.13084276020526886, 0.9914031624794006, -3.725745614246989e-07, 0.0], [-6.385220103766187e-07, 2.915348602527956e-07, 1.0, 0.0], [0.0, 0.0, 0.0, 1.0], [7.537059307098389, 1.9241589307785034, -3.140068769454956], [1.6703717073421447e-05, 3.658461632078881e-05, -7.518294870398393]], [[0.9914031028747559, 0.130842924118042, 4.25129542236391e-07, 0.0], [-0.130842924118042, 0.9914031028747559, -3.155094248086243e-07, 0.0], [-4.6275692966446513e-07, 2.571718198396411e-07, 1.0, 0.0], [0.0, 0.0, 0.0, 1.0], [7.537060737609863, 1.9241586923599243, -3.140068769454956], [1.4734859886510207e-05, 2.651401901020614e-05, -7.518304261908502]]]}, {"frame_count": 43, "end_rotation": [3.141591787338257, 5.540645702239999e-07, 1.2769255638122559], "angle_change": [0, 180, -106.83755425691838], "result": 6, "data": [[[1.0, -0.0, 0.0, 0.0], [0.0, 1.0, -0.0, 0.0], [0.0, 0.0, 1.0, 0.0], [0.0, 0.0, 0.0, 1.0], [0.0, 1.5, 0.0], [0.0, -0.0, 0.0]], [[0.9916391968727112, -0.11498798429965973, -0.058561280369758606, 0.0], [0.11711147427558899, 0.9925293922424316, 0.03420993685722351, 0.0], [0.05419005826115608, -0.04078211262822151, 0.9976974725723267, 0.0], [0.0, 0.0, 0.0, 1.0], [0.25925928354263306, 1.5, 0.0], [-2.340732508989815, -3.106383268013316, 6.735369068860049]], [[0.9328193664550781, -0.31038355827331543, -0.18305769562721252, 0.0], [0.3256438970565796, 0.943621814250946, 0.059446994215250015, 0.0], [0.15428586304187775, -0.11506492644548416, 0.9813031554222107, 0.0], [0.0, 0.0, 0.0, 1.0], [0.7407408356666565, 1.5, 0.0], [-6.687807046574665, -8.875380887719995, 19.24391113744377]], [[0.8214071393013, -0.48078519105911255, -0.3068157434463501, 0.0], [0.5201639533042908, 0.8521448969841003, 0.05725841596722603, 0.0], [0.23392248153686523, -0.2066269814968109, 0.9500450491905212, 0.0], [0.0, 0.0, 0.0, 1.0], [1.2216086387634277, 1.5, -0.012769819237291813], [-12.27027006561418, -13.52811514184279, 32.344429116487085]], [[0.6646897792816162, -0.616243302822113, -0.4224117696285248, 0.0], [0.6891492605209351, 0.7240748405456543, 0.02808675542473793, 0.0], [0.2885494828224182, -0.3097737431526184, 0.9059687852859497, 0.0], [0.0, 0.0, 0.0, 1.0], [1.7016592025756836, 1.5, -0.042541950941085815], [-18.876861894089163, -16.77113506354174, 46.03503787377906]], [[0.4724188446998596, -0.7092890739440918, -0.5231915712356567, 0.0], [0.8230483531951904, 0.5673753023147583, -0.026012612506747246, 0.0], [0.3152964413166046, -0.4183230996131897, 0.8518180251121521, 0.0], [0.0, 0.0, 0.0, 1.0], [2.180893898010254, 1.5, -0.08928749710321426], [-26.15539834159989, -18.378710584710745, 60.144747038543024]], [[0.2562011182308197, -0.7550781965255737, -0.6035047173500061, 0.0], [0.9145535826683044, 0.39150112867355347, -0.10158048570156097, 0.0], [0.3129739761352539, -0.525912344455719, 0.790862500667572, 0.0], [0.0, 0.0, 0.0, 1.0], [2.6593141555786133, 1.5, -0.1529776155948639], [-33.623344472531535, -18.238548272752915, 74.35042719133483]], [[0.02877243049442768, -0.7515913248062134, -0.6590012311935425, 0.0], [0.9589557647705078, 0.20680786669254303, -0.193995863199234, 0.0], [0.28209224343299866, -0.6263712644577026, 0.7266932129859924, 0.0], [0.0, 0.0, 0.0, 1.0], [3.1369214057922363, 1.5, -0.2335834950208664], [-40.759608079630894, -16.385116677314716, 88.28141762627624]], [[-0.196766197681427, -0.699665904045105, -0.6868410706520081, 0.0], [0.9543357491493225, 0.02393105998635292, -0.2977759540081024, 0.0], [0.22478052973747253, -0.7140692472457886, 0.663007378578186, 0.0], [0.0, 0.0, 0.0, 1.0], [3.6137168407440186, 1.5, -0.33107641339302063], [-47.12354804633107, -12.989973074873948, 101.65006492647215]], [[-0.4077024459838867, -0.6028619408607483, -0.6858105659484863, 0.0], [0.9015899300575256, -0.14682523906230927, -0.40691274404525757, 0.0], [0.14461791515350342, -0.7842192053794861, 0.6033952832221985, 0.0], [0.0, 0.0, 0.0, 1.0], [4.089702129364014, 1.5, -0.44542765617370605], [-52.42453640835342, -8.315154257843563, 114.33266753586449]], [[-0.592417299747467, -0.46718040108680725, -0.656341552734375, 0.0], [0.8042946457862854, -0.29605916142463684, -0.5152272582054138, 0.0], [0.046388160437345505, -0.8331215381622314, 0.5511412620544434, 0.0], [0.0, 0.0, 0.0, 1.0], [4.564878463745117, 1.5, -0.5766085982322693], [-56.51386287199385, -2.6587999044853228, 126.37415443881356]], [[-0.7410000562667847, -0.30065447092056274, -0.6004379987716675, 0.0], [0.6684266924858093, -0.41576796770095825, -0.6167193055152893, 0.0], [-0.06422345340251923, -0.8583378791809082, 0.5090495944023132, 0.0], [0.0, 0.0, 0.0, 1.0], [5.039247035980225, 1.5, -0.724590539932251], [-59.32933173467022, 3.682267252788356, 137.94763677983337]], [[-0.8457452654838562, -0.11284508556127548, -0.5215178728103638, 0.0], [0.5019603967666626, -0.49974915385246277, -0.7058941721916199, 0.0], [-0.1809714287519455, -0.8587879538536072, 0.4793042540550232, 0.0], [0.0, 0.0, 0.0, 1.0], [5.512809753417969, 1.5, -0.8893450498580933], [-60.83336671066371, 10.426347801047934, 149.31033948306657]], [[-0.901509165763855, 0.0857301577925682, -0.4241833984851837, 0.0], [0.31437036395072937, -0.5438860058784485, -0.7780483961105347, 0.0], [-0.29740962386131287, -0.8347684741020203, 0.46336719393730164, 0.0], [0.0, 0.0, 0.0, 1.0], [5.985567569732666, 1.5, -1.0708435773849487], [-60.96601581453452, 17.30208494131456, 160.775536004985]], [[-0.9059121608734131, 0.28419673442840576, -0.3139352798461914, 0.0], [0.11607162654399872, -0.5463091135025024, -0.8295021057128906, 0.0], [-0.40724748373031616, -0.7878950238227844, 0.46192091703414917, 0.0], [0.0, 0.0, 0.0, 1.0], [6.457521915435791, 1.5, -1.2690577507019043], [-59.61809164221085, 24.032042792804667, 172.69865572961777]], [[-0.8593844771385193, 0.47192052006721497, -0.19684866070747375, 0.0], [-0.08217060565948486, -0.5074293613433838, -0.8577665090560913, 0.0], [-0.5046844482421875, -0.7209760546684265, 0.4748549163341522, 0.0], [0.0, 0.0, 0.0, 1.0], [6.928674221038818, 1.5, -1.4839589595794678], [-56.62998633316782, 30.310405611846456, -174.5382305787773]], [[-0.7650579214096069, 0.6390685439109802, -0.07923232764005661, 0.0], [-0.2698260545730591, -0.4298480153083801, -0.8616406321525574, 0.0], [-0.5847052931785583, -0.6378260254859924, 0.5012959837913513, 0.0], [0.0, 0.0, 0.0, 1.0], [7.399025917053223, 1.5, -1.7155189514160156], [-51.83461296973942, 35.782172608781224, -160.57291161306742]], [[-0.6285198926925659, 0.7771052718162537, 0.03271277993917465, 0.0], [-0.4371494650840759, -0.31815242767333984, -0.8412368297576904, 0.0], [-0.6433219313621521, -0.5430344343185425, 0.539676308631897, 0.0], [0.0, 0.0, 0.0, 1.0], [7.86857795715332, 1.5, -1.9637094736099243], [-45.17770911406448, 40.03997593358377, -145.18053390331008]], [[-0.40672117471694946, 0.8875132203102112, -0.2165597528219223, 0.0], [-0.42704707384109497, -0.39426374435424805, -0.8137486577033997, 0.0], [-0.807594358921051, -0.2384876012802124, 0.5393653512001038, 0.0], [0.0, 0.0, 0.0, 1.0], [7.901637077331543, 1.5254781246185303, -2.2940948009490967], [-23.853259176185, 53.86155698330533, -133.60349986392185]], [[-0.1548491269350052, 0.9382196664810181, -0.30946022272109985, 0.0], [-0.5060309171676636, -0.34435179829597473, -0.7907935976982117, 0.0], [-0.8485012650489807, 0.034142762422561646, 0.52809077501297, 0.0], [0.0, 0.0, 0.0, 1.0], [7.816703796386719, 1.5234025716781616, -2.647399425506592], [3.6992074025904573, 58.04903326531884, -107.014488670411]], [[0.10148201882839203, 0.9123085737228394, -0.3967297375202179, 0.0], [-0.569046676158905, -0.2738756239414215, -0.7753567099571228, 0.0], [-0.8160191774368286, 0.30444252490997314, 0.49135270714759827, 0.0], [0.0, 0.0, 0.0, 1.0], [7.73191499710083, 1.5213305950164795, -3.017127752304077], [31.782386510065074, 54.68825917478158, -79.88835140057034]], [[0.2274652123451233, 0.8702529072761536, -0.4369433522224426, 0.0], [-0.3279208540916443, -0.3540443181991577, -0.8758541941642761, 0.0], [-0.9169119596481323, 0.3425091803073883, 0.20484130084514618, 0.0], [0.0, 0.0, 0.0, 1.0], [7.728648662567139, 1.4665676355361938, -2.9853079319000244], [59.11801251193919, 66.47872296535435, -55.25254549834593]], [[0.3583325445652008, 0.8259674906730652, -0.4351728856563568, 0.0], [-0.07074317336082458, -0.4407638609409332, -0.8948310613632202, 0.0], [-0.9309098720550537, 0.3514326214790344, -0.09950847923755646, 0.0], [0.0, 0.0, 0.0, 1.0], [7.725388050079346, 1.411897897720337, -2.9705662727355957], [105.80952035741569, 68.57709368216567, -11.16790314678351]], [[0.3468470275402069, 0.8423065543174744, -0.4125734567642212, 0.0], [0.08655718713998795, -0.4667493402957916, -0.8801437020301819, 0.0], [-0.9339191317558289, 0.26956403255462646, -0.23479829728603363, 0.0], [0.0, 0.0, 0.0, 1.0], [7.71382474899292, 1.3460211753845215, -2.930250406265259], [131.05683651112594, 69.05422337682607, 14.012209068135675]], [[0.33121535181999207, 0.858100414276123, -0.39237743616104126, 0.0], [0.2413155436515808, -0.4790568947792053, -0.8439616560935974, 0.0], [-0.9121749997138977, 0.18484628200531006, -0.3657439649105072, 0.0], [0.0, 0.0, 0.0, 1.0], [7.7022809982299805, 1.2802562713623047, -2.907027006149292], [153.18805644093626, 65.80767053977894, 36.076181516699]], [[0.3118893802165985, 0.8729547262191772, -0.37506669759750366, 0.0], [0.3896302878856659, -0.4775516390800476, -0.7874850630760193, 0.0], [-0.8665525317192078, 0.09947087615728378, -0.48907288908958435, 0.0], [0.0, 0.0, 0.0, 1.0], [7.690756797790527, 1.214603304862976, -2.900866985321045], [-11.49638572698964, 119.93954250477127, -128.67640630234976]], [[0.289404034614563, 0.8865073919296265, -0.3610401451587677, 0.0], [0.5278469920158386, -0.4624514877796173, -0.7124016880989075, 0.0], [-0.7985129356384277, 0.015597973950207233, -0.601775586605072, 0.0], [0.0, 0.0, 0.0, 1.0], [7.6792521476745605, 1.1490617990493774, -2.9117417335510254], [-1.4847694669441147, 127.01167063556422, -118.73475177669438]], [[0.29477161169052124, 0.8982589840888977, -0.3259456157684326, 0.0], [0.6304556727409363, -0.43914446234703064, -0.6400607824325562, 0.0], [-0.718077540397644, -0.016822516918182373, -0.6957597732543945, 0.0], [0.0, 0.0, 0.0, 1.0], [7.668050289154053, 1.0823748111724854, -2.924210786819458], [1.3850634326573266, 134.1040161263004, -115.05859370123177]], [[0.3246801495552063, 0.908137321472168, -0.264328271150589, 0.0], [0.7016389966011047, -0.41866886615753174, -0.5765579342842102, 0.0], [-0.634259819984436, 0.0017338957404717803, -0.7731180191040039, 0.0], [0.0, 0.0, 0.0, 1.0], [7.657151222229004, 1.0145453214645386, -2.9382848739624023], [-0.12849880345468287, 140.63489274650485, -114.8321182887325]], [[0.33816418051719666, 0.915444552898407, -0.21818862855434418, 0.0], [0.767547070980072, -0.40244221687316895, -0.4989105463027954, 0.0], [-0.5445332527160645, 0.0012436241377145052, -0.8387383222579956, 0.0], [0.0, 0.0, 0.0, 1.0], [7.639547824859619, 0.9469110369682312, -2.9478611946105957], [-0.08495421973184256, 147.00722701569495, -113.7772228921807]], [[0.3473319411277771, 0.9215249419212341, -0.1736440807580948, 0.0], [0.8245214819908142, -0.38831907510757446, -0.41154903173446655, 0.0], [-0.44668200612068176, -0.00022915068257134408, -0.8946927785873413, 0.0], [0.0, 0.0, 0.0, 1.0], [7.62058162689209, 0.8790633082389832, -2.9684996604919434], [0.014674721462731898, 153.46899578187723, -112.84339259866739]], [[0.3547533452510834, 0.9261852502822876, -0.1277923732995987, 0.0], [0.8712162375450134, -0.3770686984062195, -0.3143269121646881, 0.0], [-0.33931148052215576, 0.00017373025184497237, -0.9406740665435791, 0.0], [0.0, 0.0, 0.0, 1.0], [7.599969387054443, 0.8107779026031494, -2.998936414718628], [179.9894182157428, 19.834930821419558, 67.84418023327744]], [[0.3577404022216797, 0.9302499890327454, -0.08158884942531586, 0.0], [0.9071592092514038, -0.3669261932373047, -0.20597907900810242, 0.0], [-0.2215491235256195, -0.0003270333691034466, -0.9751491546630859, 0.0], [0.0, 0.0, 0.0, 1.0], [7.57861852645874, 0.741786777973175, -3.040764808654785], [-179.9807848566319, 12.800036613113294, 68.47808325995716]], [[0.35707077383995056, 0.9334851503372192, -0.03325491398572922, 0.0], [0.9294270873069763, -0.3586159646511078, -0.08694791793823242, 0.0], [-0.09309034049510956, 0.00013854479766450822, -0.9956576824188232, 0.0], [0.0, 0.0, 0.0, 1.0], [7.556613922119141, 0.6723042130470276, -3.0944647789001465], [179.99202734800576, 5.341417105493303, 68.98403635291503]], [[0.35203009843826294, 0.9358512759208679, 0.016036616638302803, 0.0], [0.9348960518836975, -0.3523951470851898, 0.04227384924888611, 0.0], [0.04521326348185539, 0.00011090210318798199, -0.9989773631095886, 0.0], [0.0, 0.0, 0.0, 1.0], [7.534434795379639, 0.6031317114830017, -3.161949872970581], [179.9936392726499, -2.591412617803742, 69.36640400303068]], [[0.3418312072753906, 0.9397358298301697, 0.006930097937583923, 0.0], [0.9392850399017334, -0.34188342094421387, 0.029314957559108734, 0.0], [0.029917601495981216, -0.0035114306956529617, -0.999546229839325, 0.0], [0.0, 0.0, 0.0, 1.0], [7.514684677124023, 0.5480906367301941, -3.1570184230804443], [-179.79871933411607, -1.7144081108027598, 70.00218533173215]], [[0.3309772312641144, 0.9436294436454773, 0.004189410712569952, 0.0], [0.943444550037384, -0.33099591732025146, 0.01881602592766285, 0.0], [0.01914203353226185, -0.002275198930874467, -0.9998142123222351, 0.0], [0.0, 0.0, 0.0, 1.0], [7.497095108032227, 0.49874603748321533, -3.1508519649505615], [-179.8696166977008, -1.096824753927734, 70.6682175682676]], [[0.3203226625919342, 0.9472900629043579, 0.005911269225180149, 0.0], [0.9472294449806213, -0.32037031650543213, 0.010919972322881222, 0.0], [0.01223817653954029, 0.0021014134399592876, -0.9999229311943054, 0.0], [0.0, 0.0, 0.0, 1.0], [7.480643272399902, 0.45357975363731384, -3.148726224899292], [179.879588773889, -0.7012133670114254, 71.3161088223675]], [[0.3125044107437134, 0.9499011635780334, 0.005367016885429621, 0.0], [0.9498723745346069, -0.31253930926322937, 0.007852310314774513, 0.0], [0.009136322885751724, 0.0026440995279699564, -0.9999547600746155, 0.0], [0.0, 0.0, 0.0, 1.0], [7.465858459472656, 0.4141472280025482, -3.1456055641174316], [179.84849775278713, -0.5234799986983519, 71.78899013936416]], [[0.30592966079711914, 0.9520398378372192, 0.00521078472957015, 0.0], [0.9520262479782104, -0.30595800280570984, 0.005980425514280796, 0.0], [0.007287884596735239, 0.003131213830783963, -0.9999685287475586, 0.0], [0.0, 0.0, 0.0, 1.0], [7.452716827392578, 0.3797343373298645, -3.1436123847961426], [179.82058959983843, -0.417568737550607, 72.18540748860254]], [[0.3005947470664978, 0.9537375569343567, 0.005241035483777523, 0.0], [0.9537317752838135, -0.30061960220336914, 0.004850219935178757, 0.0], [0.006201394833624363, 0.003540591336786747, -0.9999744892120361, 0.0], [0.0, 0.0, 0.0, 1.0], [7.441287994384766, 0.3504487872123718, -3.142338275909424], [179.7971347302286, -0.3553160188971572, 72.50632392675558]], [[0.29677721858024597, 0.954940915107727, 0.0033401059918105602, 0.0], [0.9549384713172913, -0.2967873513698578, 0.0031191075686365366, 0.0], [0.003969864919781685, 0.0022639157250523567, -0.9999895691871643, 0.0], [0.0, 0.0, 0.0, 1.0], [7.431739330291748, 0.3263198733329773, -3.1415176391601562], [179.87028605623945, -0.22745709210991347, 72.73572266021962]], [[0.29372963309288025, 0.95588618516922, 0.002130365464836359, 0.0], [0.9558851718902588, -0.2937338054180145, 0.002003751927986741, 0.0], [0.002541118999943137, 0.0014478234807029366, -0.9999957084655762, 0.0], [0.0, 0.0, 0.0, 1.0], [7.424191474914551, 0.307354211807251, -3.1409945487976074], [179.91704553129736, -0.14559555401980492, 72.91856682430087]], [[0.2915147840976715, 0.9565653800964355, 0.0013600642560049891, 0.0], [0.9565649628639221, -0.2915164828300476, 0.0012857747497037053, 0.0], [0.0016264087753370404, 0.0009261674131266773, -0.9999982714653015, 0.0], [0.0, 0.0, 0.0, 1.0], [7.418643474578857, 0.29357945919036865, -3.1406607627868652], [179.94693443910535, -0.09318639861049298, 73.05131155082006]], [[0.29015350341796875, 0.9569796919822693, 0.000868897361215204, 0.0], [0.9569795727729797, -0.29015421867370605, 0.0008241657633334398, 0.0], [0.0010408241068944335, 0.0005923823919147253, -0.9999992847442627, 0.0], [0.0, 0.0, 0.0, 1.0], [7.415116786956787, 0.285001665353775, -3.1404473781585693], [179.96605896878137, -0.05963484188073751, 73.13284351894251]], [[0.2896258234977722, 0.957139790058136, 0.0005556285032071173, 0.0], [0.9571397304534912, -0.2896261215209961, 0.0005276327719911933, 0.0], [0.000665942847263068, 0.000378998025553301, -0.9999997019767761, 0.0], [0.0, 0.0, 0.0, 1.0], [7.413668632507324, 0.28160402178764343, -3.1403112411499023], [179.9782850073957, -0.038155717880152304, 73.16443997404299]], [[0.28964105248451233, 0.9571352601051331, 0.0003569436667021364, 0.0], [0.9571352601051331, -0.2896411716938019, 0.00034269699244759977, 0.0], [0.00043139298213645816, 0.0002423842524876818, -0.9999998807907104, 0.0], [0.0, 0.0, 0.0, 1.0], [7.413760662078857, 0.2817055284976959, -3.140221118927002], [179.98611240418452, -0.02471699718798157, 73.16353155888338]], [[0.28966090083122253, 0.9571292996406555, 0.00015149821410886943, 0.0], [0.9571292996406555, -0.2896609306335449, 0.00017742229101713747, 0.0], [0.00021369919704739004, 9.361107368022203e-05, -1.0, 0.0], [0.0, 0.0, 0.0, 1.0], [7.413868427276611, 0.2818039357662201, -3.1401655673980713], [179.9946364802687, -0.012244062076149993, 73.16234310596779]], [[0.28965944051742554, 0.9571297764778137, 3.1968767871148884e-05, 0.0], [0.9571297764778137, -0.28965944051742554, 7.79517213231884e-05, 0.0], [8.386997069464996e-05, 8.018809239729308e-06, -1.0, 0.0], [0.0, 0.0, 0.0, 1.0], [7.413974285125732, 0.28187793493270874, -3.1401307582855225], [179.99954055609277, -0.00480539534868934, 73.162431898427]], [[0.289659321308136, 0.9571298360824585, 2.0548777683870867e-05, 0.0], [0.9571298360824585, -0.289659321308136, 4.92704457428772e-05, 0.0], [5.311035783961415e-05, 5.396204414864769