{"count": 1, "forces": [0.5, 1.0, 1.5], "animations": [[[null, {"frame_count": 64, "end_rotation": [3.5863484981746296e-07, 9.471997941545851e-07, 2.595221519470215], "angle_change": [0, 0, 148.69524047451378], "result": 1, "data": [[[1.0, -0.0, 0.0, 0.0], [0.0, 1.0, -0.0, 0.0], [0.0, 0.0, 1.0, 0.0], [0.0, 0.0, 0.0, 1.0], [0.0, 0.0, 0.0], [0.0, -0.0, 0.0]], [[0.9908273220062256, -0.08095084130764008, -0.10820408910512924, 0.0], [0.08104388415813446, 0.9967042207717896, -0.0035446754191070795, 0.0], [0.10813441127538681, -0.005257118493318558, 0.9941223859786987, 0.0], [0.0, 0.0, 0.0, 1.0], [0.12962964177131653, 0.0, 0.0], [-0.3029887390464995, -6.207783913027108, 4.6760503855151025]], [[0.9266906976699829, -0.22656671702861786, -0.2998530864715576, 0.0], [0.22008776664733887, 0.9738893508911133, -0.05568601191043854, 0.0], [0.3046403229236603, -0.014390286058187485, 0.9523587822914124, 0.0], [0.0, 0.0, 0.0, 1.0], [0.37037041783332825, 0.0, 0.0], [-0.8656820810695111, -17.73652595366239, 13.360143714679252]], [[0.8055704236030579, -0.3620331883430481, -0.469029039144516, 0.0], [0.3406791090965271, 0.930688738822937, -0.1332523226737976, 0.0], [0.4847618043422699, -0.05244425684213638, 0.8730725049972534, 0.0], [0.0, 0.0, 0.0, 1.0], [0.6108043193817139, 0.0, -0.012769819237291813], [-3.4375475512423233, -28.996868026899207, 22.923704581092114]], [[0.6357210874557495, -0.4789556562900543, -0.6053595542907715, 0.0], [0.43545183539390564, 0.870047390460968, -0.23108282685279846, 0.0], [0.6373699307441711, -0.11670069396495819, 0.7616695761680603, 0.0], [0.0, 0.0, 0.0, 1.0], [0.8508296012878418, 0.0, -0.042541950941085815], [-8.710942375904645, -39.59597948658709, 34.410093472457795]], [[0.4281717836856842, -0.570416271686554, -0.7009238004684448, 0.0], [0.4989383816719055, 0.7959034442901611, -0.34292593598365784, 0.0], [0.7534782290458679, -0.20288656651973724, 0.6253859400749207, 0.0], [0.0, 0.0, 0.0, 1.0], [1.090446949005127, 0.0, -0.08928749710321426], [-17.974004800914564, -48.89257728664813, 49.36493950926787]], [[0.1960063874721527, -0.6311942934989929, -0.7504500150680542, 0.0], [0.5276908874511719, 0.7129313945770264, -0.4618128538131714, 0.0], [0.8265130519866943, -0.30548739433288574, 0.4728146195411682, 0.0], [0.0, 0.0, 0.0, 1.0], [1.3296570777893066, 0.0, -0.1529776155948639], [-32.86666196533167, -55.74219151466039, 69.62290492712134]], [[-0.0464881993830204, -0.6580302119255066, -0.7515550851821899, 0.0], [0.5204294919967651, 0.6262377500534058, -0.5804992914199829, 0.0], [0.8526382446289062, -0.41811779141426086, 0.31334567070007324, 0.0], [0.0, 0.0, 0.0, 1.0], [1.5684607028961182, 0.0, -0.2335834950208664], [-53.15139147944784, -58.499791599593834, 95.10448973917384]], [[-0.28471723198890686, -0.6497635841369629, -0.7048002481460571, 0.0], [0.4780537188053131, 0.5410404801368713, -0.6919102668762207, 0.0], [0.8309035897254944, -0.5339311361312866, 0.15657833218574524, 0.0], [0.0, 0.0, 0.0, 1.0], [1.8068584203720093, 0.0, -0.33107641339302063], [-73.65592672633876, -56.19166918846601, 120.77700565928487]], [[-0.5046517252922058, -0.6073378920555115, -0.6135693192481995, 0.0], [0.40352362394332886, 0.4623569846153259, -0.7895534634590149, 0.0], [0.7632138133049011, -0.6460392475128174, 0.01174593809992075, 0.0], [0.0, 0.0, 0.0, 1.0], [2.044851064682007, 0.0, -0.44542765617370605], [91.0416063529051, -130.2516528306298, -38.64611532399717]], [[-0.6936390399932861, -0.5336820483207703, -0.4837854206562042, 0.0], [0.30162370204925537, 0.3947143256664276, -0.867884635925293, 0.0], [0.6541315317153931, -0.7479197978973389, -0.11281811445951462, 0.0], [0.0, 0.0, 0.0, 1.0], [2.2824392318725586, 0.0, -0.5766085982322693], [81.42202939756169, -139.1461710546305, -23.501449792415983]], [[-0.8411011695861816, -0.4334794282913208, -0.32348793745040894, 0.0], [0.17862854897975922, 0.3418993651866913, -0.922603189945221, 0.0], [0.5105298161506653, -0.8337867856025696, -0.2101401537656784, 0.0], [0.0, 0.0, 0.0, 1.0], [2.5196235179901123, 0.0, -0.724590539932251], [75.8542845824099, -149.30087284087693, -11.99002655019491]], [[-0.9390833973884583, -0.31284502148628235, -0.14230379462242126, 0.0], [0.04189484938979149, 0.3067614436149597, -0.9508639574050903, 0.0], [0.34112638235092163, -0.8989023566246033, -0.2749679684638977, 0.0], [0.0, 0.0, 0.0, 1.0], [2.7564048767089844, 0.0, -0.8893450498580933], [72.9914927540691, -160.0544865946851, -2.5544136965131945]], [[-0.982633113861084, -0.17893080413341522, 0.049152471125125885, 0.0], [-0.10059316456317902, 0.29107725620269775, -0.9513963460922241, 0.0], [0.15592695772647858, -0.9398179650306702, -0.30402135848999023, 0.0], [0.0, 0.0, 0.0, 1.0], [2.992783784866333, 0.0, -1.0708435773849487], [72.07414370702303, -171.02943945873668, 5.845066290266757]], [[-0.969991147518158, -0.03948747739195824, 0.23991237580776215, 0.0], [-0.2406969964504242, 0.2954827547073364, -0.9245295524597168, 0.0], [-0.03438263013958931, -0.9545316696166992, -0.29612016677856445, 0.0], [0.0, 0.0, 0.0, 1.0], [3.2287609577178955, 0.0, -1.2690577507019043], [72.7647714547597, 178.02963203719105, 13.93608746360953]], [[-0.9025949239730835, 0.09759064763784409, 0.4192832410335541, 0.0], [-0.370587557554245, 0.3194703459739685, -0.8721258640289307, 0.0], [-0.21905989944934845, -0.9425575733184814, -0.25218644738197327, 0.0], [0.0, 0.0, 0.0, 1.0], [3.464337110519409, 0.0, -1.4839589595794678], [75.02104931499254, 167.34617798653727, 22.322079320882587]], [[-0.7849023938179016, 0.22471043467521667, 0.5774369835853577, 0.0], [-0.4831734299659729, 0.36145201325416565, -0.7974308133125305, 0.0], [-0.3879067599773407, -0.9049075245857239, -0.1751304268836975, 0.0], [0.0, 0.0, 0.0, 1.0], [3.6995129585266113, 0.0, -1.7155189514160156], [79.0467286608522, 157.1756848029298, 31.61579136601929]], [[-0.6240540742874146, 0.3349926173686981, 0.7059295177459717, 0.0], [-0.5724719762802124, 0.4188801944255829, -0.7048512101173401, 0.0], [-0.5318198204040527, -0.8439901471138, -0.06962998956441879, 0.0], [0.0, 0.0, 0.0, 1.0], [3.93428897857666, 0.0, -1.9637094736099243], [-94.71627544712865, 32.12849610097172, -137.46848534917862]], [[-0.4293997883796692, 0.42262890934944153, 0.7981231808662415, 0.0], [-0.6339049339294434, 0.4884159564971924, -0.5996785163879395, 0.0], [-0.6432575583457947, -0.7634360790252686, 0.05818084254860878, 0.0], [0.0, 0.0, 0.0, 1.0], [4.168665885925293, 0.0, -2.2285022735595703], [-85.64195932341651, 40.03516065021891, -124.11325254051262]], [[-0.2119232416152954, 0.48316490650177, 0.8494940996170044, 0.0], [-0.6645054221153259, 0.5661354064941406, -0.48777374625205994, 0.0], [-0.7166038155555725, -0.6678640246391296, 0.20108845829963684, 0.0], [0.0, 0.0, 0.0, 1.0], [4.402644634246826, 0.0, -2.50986909866333], [-73.24337647028082, 45.774794006023235, -107.68845758676201]], [[0.016399940475821495, 0.5137011408805847, 0.8578124642372131, 0.0], [-0.6630297899246216, 0.6477583050727844, -0.37523412704467773, 0.0], [-0.7484133243560791, -0.5626013875007629, 0.35122233629226685, 0.0], [0.0, 0.0, 0.0, 1.0], [4.636226177215576, 0.0, -2.807781457901001], [-58.024178206929165, 48.453122915449505, -88.58308659134819]], [[0.2432740479707718, 0.5130006074905396, 0.8231938481330872, 0.0], [-0.629972517490387, 0.7288889288902283, -0.2680589556694031, 0.0], [-0.7375312447547913, -0.45337772369384766, 0.5004960298538208, 0.0], [0.0, 0.0, 0.0, 1.0], [4.869410037994385, 0.0, -3.1222119331359863], [-42.17207070942202, 47.521539754173126, -68.88512838354407]], [[0.45674440264701843, 0.48150554299354553, 0.7480220198631287, 0.0], [-0.5674877166748047, 0.8052517771720886, -0.1718350052833557, 0.0], [-0.6850855946540833, -0.34600862860679626, 0.6410427093505859, 0.0], [0.0, 0.0, 0.0, 1.0], [5.102198123931885, 0.0, -3.453131914138794], [-28.35835803762432, 43.24233744670093, -51.171032771115996]], [[0.645817220211029, 0.4212629497051239, 0.6367555260658264, 0.0], [-0.47922590374946594, 0.8729138970375061, -0.09145412594079971, 0.0], [-0.5943589806556702, -0.24608710408210754, 0.7656229734420776, 0.0], [0.0, 0.0, 0.0, 1.0], [5.334590435028076, 0.0, -3.800513505935669], [-17.818483101060668, 36.466950299493774, -36.577104175333155]], [[0.822393536567688, 0.2287292331457138, 0.5209143757820129, 0.0], [-0.11269313097000122, 0.9629719853401184, -0.2449188381433487, 0.0], [-0.5576460361480713, 0.1427161991596222, 0.8177181482315063, 0.0], [0.0, 0.0, 0.0, 1.0], [5.498281002044678, -0.008435675874352455, -3.8890271186828613], [9.9001047773869, 33.89316085040913, -7.802682603096568]], [[0.8793534636497498, 0.07116485387086868, 0.47082170844078064, 0.0], [-0.006526583805680275, 0.9904773235321045, -0.13752128183841705, 0.0], [-0.47612491250038147, 0.1178569495677948, 0.8714441061019897, 0.0], [0.0, 0.0, 0.0, 1.0], [5.6338911056518555, -0.03528473898768425, -3.8609936237335205], [7.702136242098456, 28.432617561827993, -0.4252429353307924]], [[0.9121035933494568, -0.08495811372995377, 0.4010600447654724, 0.0], [0.10903550684452057, 0.993328332901001, -0.037551432847976685, 0.0], [-0.39519399404525757, 0.07798058539628983, 0.9152817726135254, 0.0], [0.0, 0.0, 0.0, 1.0], [5.769270896911621, -0.062088172882795334, -3.850031852722168], [4.86975113528208, 23.27807357825259, 6.816953970948559]], [[0.9199209213256836, -0.2347099632024765, 0.3140966594219208, 0.0], [0.23020805418491364, 0.9717554450035095, 0.051918692886829376, 0.0], [-0.31741100549697876, 0.024546489119529724, 0.9479703307151794, 0.0], [0.0, 0.0, 0.0, 1.0], [5.904420375823975, -0.08884605020284653, -3.8561127185821533], [1.4832701336995913, 18.50642487690623, 14.049597523652325]], [[0.9028844237327576, -0.37346822023391724, 0.21288776397705078, 0.0], [0.3531106114387512, 0.9267545342445374, 0.1282145231962204, 0.0], [-0.24517874419689178, -0.04058997333049774, 0.9686278104782104, 0.0], [0.0, 0.0, 0.0, 1.0], [6.039340019226074, -0.11555846035480499, -3.8792073726654053], [-2.3995536712351417, 14.192397142403427, 21.360055714022753]], [[0.8538818359375, -0.5102538466453552, 0.10260005295276642, 0.0], [0.49549758434295654, 0.8572912216186523, 0.13976368308067322, 0.0], [-0.15927308797836304, -0.06850358843803406, 0.9848549962043762, 0.0], [0.0, 0.0, 0.0, 1.0], [6.170233726501465, -0.14143188297748566, -3.9037094116210938], [-3.978915601933527, 9.164705993414444, 30.126089541999075]], [[0.7701292634010315, -0.6378646492958069, -0.005441463552415371, 0.0], [0.6347551345825195, 0.765474796295166, 0.10551910847425461, 0.0], [-0.0631416067481041, -0.08471734821796417, 0.9944024085998535, 0.0], [0.0, 0.0, 0.0, 1.0], [6.298717975616455, -0.16734088957309723, -3.936422109603882], [-4.869511651774306, 3.620155646910376, 39.495992347327274]], [[0.6522323489189148, -0.7511391639709473, -0.10189653187990189, 0.0], [0.7568050622940063, 0.6528823375701904, 0.03147595748305321, 0.0], [0.04288361966609955, -0.09764544665813446, 0.9942969083786011, 0.0], [0.0, 0.0, 0.0, 1.0], [6.4253621101379395, -0.1934448629617691, -3.979543685913086], [-5.608777176590635, -2.4578040857979495, 49.2444652175926]], [[0.5323441624641418, -0.8460127711296082, -0.029530316591262817, 0.0], [0.8446066379547119, 0.5331616401672363, -0.04876786097884178, 0.0], [0.05700266361236572, 0.0010197845986112952, 0.9983735084533691, 0.0], [0.0, 0.0, 0.0, 1.0], [6.543432235717773, -0.21564799547195435, -4.002481460571289], [0.05852452259400054, -3.2677834128650676, 57.77732150994656]], [[0.42562347650527954, -0.9038903117179871, 0.04274227097630501, 0.0], [0.9047050476074219, 0.4260380268096924, 0.0006537733133882284, 0.0], [-0.018800770863890648, 0.038390886038541794, 0.9990859031677246, 0.0], [0.0, 0.0, 0.0, 1.0], [6.6535820960998535, -0.2392513006925583, -4.01057243347168], [2.200565501276929, 1.077268321508401, 64.80510122245862]], [[0.3147386908531189, -0.9489144682884216, 0.02238018438220024, 0.0], [0.9486352205276489, 0.31526869535446167, 0.02639860287308693, 0.0], [-0.032105788588523865, 0.012921968474984169, 0.9994009137153625, 0.0], [0.0, 0.0, 0.0, 1.0], [6.756192684173584, -0.26588693261146545, -4.003606796264648], [0.7407767575310483, 1.8398422937542225, 71.64516001582203]], [[0.19947810471057892, -0.9799003601074219, 0.0019518461776897311, 0.0], [0.979573667049408, 0.1994623839855194, 0.025497816503047943, 0.0], [-0.0253746397793293, -0.003174278885126114, 0.9996729493141174, 0.0], [0.0, 0.0, 0.0, 1.0], [6.857118606567383, -0.29180485010147095, -4.005283832550049], [-0.1819316668163835, 1.454015793154192, 78.48980186611853]], [[0.08106069266796112, -0.9967045783996582, 0.0030270619317889214, 0.0], [0.9966939091682434, 0.08104228228330612, -0.005776520818471909, 0.0], [0.005512164440006018, 0.003485302906483412, 0.9999787211418152, 0.0], [0.0, 0.0, 0.0, 1.0], [6.956803321838379, -0.3161022961139679, -4.016361713409424], [0.19969658864119, -0.3158253592200244, 85.350392208127]], [[-0.024014437571167946, -0.9997082948684692, -0.0025678956881165504, 0.0], [0.9996505379676819, -0.023984504863619804, -0.011112630367279053, 0.0], [0.01104779914021492, -0.002833861857652664, 0.99993497133255, 0.0], [0.0, 0.0, 0.0, 1.0], [7.051792144775391, -0.34013351798057556, -4.0232253074646], [-0.16237844938843696, -0.6330051236081212, 91.37614218826316]], [[-0.11375296860933304, -0.9932922720909119, 0.020754637196660042, 0.0], [0.9934804439544678, -0.11356634646654129, 0.009963075630366802, 0.0], [-0.007539217360317707, 0.021752655506134033, 0.9997349381446838, 0.0], [0.0, 0.0, 0.0, 1.0], [7.1419677734375, -0.3626536726951599, -4.025496959686279], [1.246469076000836, 0.431969417683212, 96.53188999267978]], [[-0.20889155566692352, -0.9779366850852966, 0.0020515366923063993, 0.0], [0.9779313206672668, -0.20888125896453857, 0.0043597230687737465, 0.0], [-0.0038350054528564215, 0.0029169712215662003, 0.9999883770942688, 0.0], [0.0, 0.0, 0.0, 1.0], [7.226507186889648, -0.3847973644733429, -4.022205352783203], [0.1671316073803179, 0.21973016046685886, 102.05749254065259]], [[-0.29804909229278564, -0.9545395970344543, -0.004570208955556154, 0.0], [0.9545173048973083, -0.29807525873184204, 0.006918253377079964, 0.0], [-0.007966013625264168, -0.0023003644309937954, 0.9999656081199646, 0.0], [0.0, 0.0, 0.0, 1.0], [7.308804512023926, -0.4067429006099701, -4.027080059051514], [-0.13180546878661528, 0.45642376274810553, 107.34103318444014]], [[-0.3814336359500885, -0.9241016507148743, 0.023333832621574402, 0.0], [0.9242436289787292, -0.3817077875137329, -0.008536826819181442, 0.0], [0.016795601695775986, 0.01830991357564926, 0.9996913075447083, 0.0], [0.0, 0.0, 0.0, 1.0], [7.387137413024902, -0.42679649591445923, -4.030351638793945], [1.0492873843563857, -0.9623623415539838, 112.42584947432617]], [[-0.4552518427371979, -0.8903621435165405, -0.0010007580276578665, 0.0], [0.8902801275253296, -0.45519399642944336, -0.014134125784039497, 0.0], [0.012128951959311962, -0.007325541693717241, 0.9998996257781982, 0.0], [0.0, 0.0, 0.0, 1.0], [7.460104465484619, -0.4491945207118988, -4.02759313583374], [-0.41975725289064075, -0.6949547792975782, 117.08329399765533]], [[-0.5156218409538269, -0.8567913770675659, 0.006532696541398764, 0.0], [0.8568150401115417, -0.5155931711196899, 0.00563320517539978, 0.0], [-0.0014582680305466056, 0.008501916192471981, 0.9999628067016602, 0.0], [0.0, 0.0, 0.0, 1.0], [7.529945373535156, -0.47023776173591614, -4.028001308441162], [0.48713031890492586, 0.08355263022960156, 121.03906635735993]], [[-0.574302077293396, -0.8186118006706238, 0.007197678554803133, 0.0], [0.8185365796089172, -0.5743469595909119, -0.01111006923019886, 0.0], [0.01322879921644926, -0.0004889726988039911, 0.9999123811721802, 0.0], [0.0, 0.0, 0.0, 1.0], [7.595976829528809, -0.4897220730781555, -4.025949478149414], [-0.028018523202769954, -0.7579764545216098, 125.0542886836003]], [[-0.6213083267211914, -0.7835421562194824, -0.006133433897048235, 0.0], [0.7835155725479126, -0.6213381290435791, 0.006498550996184349, 0.0], [-0.00890282541513443, -0.0007680371054448187, 0.9999600648880005, 0.0], [0.0, 0.0, 0.0, 1.0], [7.658237934112549, -0.5097766518592834, -4.0258564949035645], [-0.044007032219364466, 0.5101010454964722, 128.41353964195264]], [[-0.6635314226150513, -0.7479634284973145, 0.016636265441775322, 0.0], [0.7480446696281433, -0.6636456847190857, -0.0018951433012261987, 0.0], [0.012458083219826221, 0.011187181808054447, 0.9998598098754883, 0.0], [0.0, 0.0, 0.0, 1.0], [7.717837810516357, -0.5274015665054321, -4.028214931488037], [0.6410414281360229, -0.713814052173894, 131.57370424637747]], [[-0.6975869536399841, -0.7164998054504395, 0.0006500189192593098, 0.0], [0.716496467590332, -0.6975860595703125, -0.0025581163354218006, 0.0], [0.0022863338235765696, -0.0013187723234295845, 0.999996542930603, 0.0], [0.0, 0.0, 0.0, 1.0], [7.772420883178711, -0.5459760427474976, -4.025179862976074], [-0.07556030838469494, -0.1309973987108646, 134.23387168280067]], [[-0.7283179759979248, -0.6851984262466431, -0.007487863302230835, 0.0], [0.6852315664291382, -0.7283182144165039, -0.003205153625458479, 0.0], [-0.0032573810312896967, -0.007465291302651167, 0.9999668002128601, 0.0], [0.0, 0.0, 0.0, 1.0], [7.824481010437012, -0.563426673412323, -4.028046607971191], [-0.4277359276974206, 0.18663451886420174, 136.74589231612632]], [[-0.7544249892234802, -0.6558265686035156, 0.027100447565317154, 0.0], [0.6557995080947876, -0.7548532485961914, -0.011116919107735157, 0.0], [0.027747632935643196, 0.009385579265654087, 0.999570906162262, 0.0], [0.0, 0.0, 0.0, 1.0], [7.870898246765137, -0.5783897638320923, -4.024207592010498], [0.5379691244446233, -1.5900263105920078, 139.00052410076918]], [[-0.7759026885032654, -0.6303600668907166, 0.024924028664827347, 0.0], [0.6304622292518616, -0.7762067914009094, -0.004510635510087013, 0.0], [0.02218952402472496, 0.012213844805955887, 0.9996791481971741, 0.0], [0.0, 0.0, 0.0, 1.0], [7.9108476638793945, -0.5932474732398987, -4.010979175567627], [0.6999915102019336, -1.2714704498491387, 140.90430272812682]], [[-0.7966487407684326, -0.6043550372123718, 0.010284338146448135, 0.0], [0.6043900847434998, -0.796688437461853, 0.0003803064755629748, 0.0], [0.007963573560118675, 0.006518722977489233, 0.9999470710754395, 0.0], [0.0, 0.0, 0.0, 1.0], [7.949723243713379, -0.6081670522689819, -4.010759353637695], [0.37350980189664645, -0.45628395731353183, 142.81365478984722]], [[-0.8178113102912903, -0.5753961801528931, -0.010193963535130024, 0.0], [0.575485348701477, -0.8177163600921631, -0.012513511814177036, 0.0], [-0.0011355432216078043, -0.016100168228149414, 0.9998697638511658, 0.0], [0.0, 0.0, 0.0, 1.0], [7.986934185028076, -0.622630774974823, -4.020532131195068], [-0.9225121364500732, 0.06506184739302916, 144.86634520148948]], [[-0.8278970122337341, -0.5602644681930542, 0.026272188872098923, 0.0], [0.5600403547286987, -0.828312337398529, -0.015919135883450508, 0.0], [0.03068050555884838, 0.001534082111902535, 0.9995280504226685, 0.0], [0.0, 0.0, 0.0, 1.0], [8.0189790725708, -0.6347236633300781, -4.019632816314697], [0.08793786514080097, -1.7581393574591184, 145.9231667113872]], [[-0.8382471799850464, -0.5448256731033325, 0.022508971393108368, 0.0], [0.5445985198020935, -0.8385488390922546, -0.015758750960230827, 0.0], [0.027460642158985138, -0.0009513766271993518, 0.9996224045753479, 0.0], [0.0, 0.0, 0.0, 1.0], [8.04695987701416, -0.6435033082962036, -4.010222911834717], [-0.05453043940975666, -1.5735767604713842, 146.98873086342257]], [[-0.8459720015525818, -0.5332269072532654, -0.0006107959779910743, 0.0], [0.5332245826721191, -0.8459635376930237, -0.004148759413510561, 0.0], [0.0016955191968008876, -0.0038354259449988604, 0.9999911785125732, 0.0], [0.0, 0.0, 0.0, 1.0], [8.067093849182129, -0.6535506844520569, -4.012466907501221], [-0.21975457305705637, -0.09714614075084838, 147.77636095775176]], [[-0.8535206913948059, -0.5210588574409485, 0.0001844163634814322, 0.0], [0.5210471153259277, -0.8534989953041077, 0.0070222592912614346, 0.0], [-0.0035016112960875034, 0.006089733447879553, 0.999975323677063, 0.0], [0.0, 0.0, 0.0, 1.0], [8.068958282470703, -0.661421000957489, -4.014339923858643], [0.34892032047180715, 0.20062796230775792, 148.59726773371725]], [[-0.8542559146881104, -0.5198522210121155, 0.0007170201861299574, 0.0], [0.5198495984077454, -0.8542451858520508, 0.004641709383577108, 0.0], [-0.0018004918238148093, 0.004337950609624386, 0.9999889731407166, 0.0], [0.0, 0.0, 0.0, 1.0], [8.068926811218262, -0.6647847294807434, -4.009509563446045], [0.24854743560644346, 0.10316063591325367, 148.67778200365336]], [[-0.8537890315055847, -0.520607054233551, -0.0035459385253489017, 0.0], [0.520618200302124, -0.8537550568580627, -0.0076820882968604565, 0.0], [0.0009719864465296268, -0.008404962718486786, 0.99996417760849, 0.0], [0.0, 0.0, 0.0, 1.0], [8.067550659179688, -0.6685866713523865, -4.012524604797363], [-0.48157481378876676, -0.055690731135225796, 148.62625505655478]], [[-0.8544439673423767, -0.5195041298866272, -0.006405085325241089, 0.0], [0.5195381045341492, -0.8544267416000366, -0.005926935467869043, 0.0], [-0.0023936089128255844, -0.008391919545829296, 0.9999619126319885, 0.0], [0.0, 0.0, 0.0, 1.0], [8.0640869140625, -0.6693782806396484, -4.008352756500244], [-0.4808286156219429, 0.1371438219119356, 148.69862774100025]], [[-0.8544079661369324, -0.5195865631103516, -0.004099749028682709, 0.0], [0.519600510597229, -0.8544009327888489, -0.0037932484410703182, 0.0], [-0.0015319085214287043, -0.005371213424950838, 0.9999843835830688, 0.0], [0.0, 0.0, 0.0, 1.0], [8.06362247467041, -0.6687425971031189, -4.005675315856934], [-0.3077497010631157, 0.08777192622852405, 148.69450230674155]], [[-0.8544144034385681, -0.5195856094360352, -0.0026158068794757128, 0.0], [0.5195912718772888, -0.8544114828109741, -0.002425767481327057, 0.0], [-0.0009745816350914538, -0.003431761171668768, 0.999993622303009, 0.0], [0.0, 0.0, 0.0, 1.0], [8.064438819885254, -0.6679899096488953, -4.003964424133301], [-0.1966259116811668, 0.05583942448685911, 148.69514434452353]], [[-0.8544113039970398, -0.5195946097373962, -0.0016707874601706862, 0.0], [0.5195969343185425, -0.8544101119041443, -0.0015493063256144524, 0.0], [-0.0006225264514796436, -0.002191880950704217, 0.9999973773956299, 0.0], [0.0, 0.0, 0.0, 1.0], [8.064943313598633, -0.6674879789352417, -4.002871036529541], [-0.12558564773239309, 0.03566814164009251, 148.69477551430836]], [[-0.8544124960899353, -0.5195941925048828, -0.0010652847122401, 0.0], [0.5195951461791992, -0.8544120192527771, -0.0009913083631545305, 0.0], [-0.00039511395152658224, -0.0014005029806867242, 0.999998927116394, 0.0], [0.0, 0.0, 0.0, 1.0], [8.065274238586426, -0.6671872138977051, -4.002171516418457], [-0.08024294333937419, 0.022638361849209754, 148.6948984577134]], [[-0.8544104099273682, -0.5195982456207275, -0.0006802218267694116, 0.0], [0.519598662853241, -0.8544102311134338, -0.000632992188911885, 0.0], [-0.0002522868453525007, -0.0008942774147726595, 0.9999995827674866, 0.0], [0.0, 0.0, 0.0, 1.0], [8.065478324890137, -0.6669816374778748, -4.0017242431640625], [-0.051238331585503484, 0.014454971465367977, 148.69466623128164]], [[-0.8544109463691711, -0.5195976495742798, -0.0004335873236414045, 0.0], [0.5195978283882141, -0.8544108867645264, -0.0004048843402415514, 0.0], [-0.00016008474631235003, -0.0005712286219932139, 0.9999998211860657, 0.0], [0.0, 0.0, 0.0, 1.0], [8.065611839294434, -0.6668586730957031, -4.001438140869141], [-0.03272899251233834, 0.009172180328120127, 148.694720872795]], [[-0.8544098138809204, -0.5195996165275574, -0.00027674707234837115, 0.0], [0.5195996761322021, -0.8544098138809204, -0.00025844021001830697, 0.0], [-0.0001021699863485992, -0.00036461156560108066, 0.9999999403953552, 0.0], [0.0, 0.0, 0.0, 1.0], [8.065693855285645, -0.6667739748954773, -4.001255035400391], [-0.02089070387059927, 0.00585390901068397, 148.69459792938994]], [[-0.8544101119041443, -0.5195992588996887, -0.0001762899337336421, 0.0], [0.5195992588996887, -0.8544100522994995, -0.00016518864140380174, 0.0], [-6.479200965259224e-05, -0.00023273896658793092, 1.0, 0.0], [0.0, 0.0, 0.0, 1.0], [8.06574821472168, -0.6667229533195496, -4.001138210296631], [-0.013334960513724724, 0.003712308699264427, 148.6946252501466]], [[-0.8544094562530518, -0.5196002721786499, -0.00011244294000789523, 0.0], [0.5196002721786499, -0.8544094562530518, -0.00010531098087085411, 0.0], [-4.13526977354195e-05, -0.00014840408402960747, 1.0, 0.0], [0.0, 0.0, 0.0, 1.0], [8.065780639648438, -0.6666876673698425, -4.001063346862793], [-0.008502927677401332, 0.002369335051719734, 148.6945569482549]], [[-0.8544089794158936, -0.5196011066436768, -7.169480522861704e-05, 0.0], [0.5196011066436768, -0.8544089794158936, -6.725239654770121e-05, 0.0], [-2.631226379889995e-05, -9.471375233260915e-05, 1.0, 0.0], [0.0, 0.0, 0.0, 1.0], [8.065800666809082, -0.6666647791862488, -4.0010151863098145], [-0.0054266982705058605, 0.0015075816651118294, 148.69450230674155]], [[-0.8544089794158936, -0.5196011066436768, -4.560983143164776e-05, 0.0], [0.5196011066436768, -0.8544089794158936, -4.300065847928636e-05, 0.0], [-1.662626164034009e-05, -6.043906614650041e-05, 1.0, 0.0], [0.0, 0.0, 0.0, 1.0], [8.065814971923828, -0.6666505932807922, -4.0009846687316895], [-0.0034629034079064853, 0.0009526146210717442, 148.69450230674155]], [[-0.8544089794158936, -0.5196011066436768, -2.8899377866764553e-05, 0.0], [0.5196011066436768, -0.8544089794158936, -2.7535108529264107e-05, 0.0], [-1.0384615052316803e-05, -3.854239184875041e-05, 1.0, 0.0], [0.0, 0.0, 0.0, 1.0], [8.065824508666992, -0.666641354560852, -4.000965118408203], [-0.002208316385272825, 0.0005949946143657794, 148.69450230674155]], [[-0.8544098734855652, -0.5195996761322021, -1.829105895012617e-05, 0.0], [0.5195996761322021, -0.8544098734855652, -1.648721081437543e-05, 0.0], [-7.061311862344155e-06, -2.359086283831857e-05, 1.0, 0.0], [0.0, 0.0, 0.0, 1.0], [8.065829277038574, -0.6666336059570312, -4.000952243804932], [-0.0013516568757076684, 0.0004045833675379834, 148.69459792938994]], [[-0.8544094562530518, -0.5196002721786499, -1.215703559864778e-05, 0.0], [0.5196002721786499, -0.8544094562530518, -9.153578503173776e-06, 0.0], [-5.630884061247343e-06, -1.4137703146843705e-05, 1.0, 0.0], [0.0, 0.0, 0.0, 1.0], [8.065832138061523, -0.6666287779808044, -4.000944137573242], [-0.0008100307223229671, 0.0003226258916369573, 148.6945569482549]], [[-0.8544101119041443, -0.5195992588996887, -7.33490242055268e-06, 0.0], [0.5195992588996887, -0.8544101119041443, -5.521263119590003e-06, 0.0], [-3.398170292712166e-06, -8.528632861271035e-06, 1.0, 0.0], [0.0, 0.0, 0.0, 1.0], [8.065835952758789, -0.666625440120697, -4.00093936920166], [-0.0004886546679674136, 0.00019470081583914268, 148.6946252501466]], [[-0.8544099926948547, -0.5195994973182678, -4.796027951670112e-06, 0.0], [0.5195994973182678, -0.8544099926948547, -3.5061154903814895e-06, 0.0], [-2.2759984403819544e-06, -5.487673661264125e-06, 1.0, 0.0], [0.0, 0.0, 0.0, 1.0], [8.065837860107422, -0.6666231751441956, -4.000936031341553], [-0.00031442054013553855, 0.0001304051048122437, 148.69461158976827]], [[-0.8544109463691711, -0.5195978283882141, -3.1549111554340925e-06, 0.0], [0.5195978283882141, -0.8544109463691711, -1.3158029332771548e-06, 0.0], [-2.0119023247389123e-06, -2.763521479209885e-06, 1.0, 0.0], [0.0, 0.0, 0.0, 1.0], [8.065838813781738, -0.6666202545166016, -4.000933647155762], [-0.0001583381173524767, 0.00011527351200009847, 148.694720872795]], [[-0.854410707950592, -0.5195982456207275, -2.142662424375885e-06, 0.0], [0.5195982456207275, -0.854410707950592, -7.526439844696142e-07, 0.0], [-1.439641209799447e-06, -1.7563907022122294e-06, 1.0, 0.0], [0.0, 0.0, 0.0, 1.0], [8.065839767456055, -0.6666165590286255, -4.000932216644287], [-0.00010063377441277972, 8.248536533461622e-05, 148.6946935520383]], [[-0.8544117212295532, -0.5195966362953186, -1.4349856201079092e-06, 0.0], [0.5195966362953186, -0.8544117212295532, -2.398453489149688e-07, 0.0], [-1.1014457186320215e-06, -9.505403681941971e-07, 1.0, 0.0], [0.0, 0.0, 0.0, 1.0], [8.065840721130371, -0.666613757610321, -4.000931739807129], [-5.4461951354338806e-05, 6.31081910403688e-05, 148.69480283506502]], [[-0.8544121980667114, -0.5195958018302917, -1.0050705441244645e-06, 0.0], [0.5195958018302917, -0.8544121980667114, 5.786744861069337e-09, 0.0], [-8.61751345837547e-07, -5.172861961000308e-07, 1.0, 0.0], [0.0, 0.0, 0.0, 1.0], [8.065842628479004, -0.666610836982727, -4.0009307861328125], [-2.963831583690843e-05, 4.9374715106210045e-05, 148.6948574765784]], [[-0.8544129133224487, -0.5195945501327515, -5.373591989155102e-07, 0.0], [0.5195945501327515, -0.8544129133224487, -1.885392606482128e-07, 0.0], [-3.611626766542031e-07, -4.402993170060654e-07, 1.0, 0.0], [0.0, 0.0, 0.0, 1.0], [8.06584358215332, -0.6666080951690674, -4.0009307861328125], [-2.5227292586940262e-05, 2.0693097089933864e-05, 148.69493943884842]], [[-0.8544136881828308, -0.519593358039856, -1.9971767528659257e-07, 0.0], [0.519593358039856, -0.8544136881828308, -3.58267499223075e-07, 0.0], [1.5511897544229214e-08, -4.0988064142766234e-07, 1.0, 0.0], [0.0, 0.0, 0.0, 1.0], [8.065844535827637, -0.6666054725646973, -4.0009307861328125], [-2.34844308579201e-05, -8.887662615236802e-07, 148.69502140111848]], [[-0.8544144034385681, -0.5195921063423157, -4.597382599058619e-07, 0.0], [0.5195921063423157, -0.8544144034385681, 4.893331038147153e-07, 0.0], [-6.470606308539573e-07, 1.792168689007667e-07, 1.0, 0.0], [0.0, 0.0, 0.0, 1.0], [8.065844535827637, -0.6666022539138794, -4.000930309295654], [1.026837020556331e-05, 3.7073843237004286e-05, 148.6951033633885]], [[-0.8544149398803711, -0.5195913314819336, -6.714332130286493e-07, 0.0], [0.5195913314819336, -0.8544149398803711, 8.210037663047842e-07, 0.0], [-1.000268980533292e-06, 3.5260703157291573e-07, 1.0, 0.0], [0.0, 0.0, 0.0, 1.0], [8.065845489501953, -0.6665992140769958, -4.000930309295654], [2.0202894735764236e-05, 5.7311190962411134e-05, 148.69515800490188]], [[-0.8544156551361084, -0.5195900797843933, -6.229592486306501e-07, 0.0], [0.5195900797843933, -0.8544156551361084, 7.985788670339389e-07, 0.0], [-9.471997941545851e-07, 3.5863484981746296e-07, 1.0, 0.0], [0.0, 0.0, 0.0, 1.0], [8.06584644317627, -0.6665964722633362, -4.000929832458496], [2.054826328084875e-05, 5.427055056071807e-05, 148.69523996717191]]]}, {"frame_count": 65, "end_rotation": [-2.410434944977169e-07, -5.220387038207264e-07, 1.5063103437423706], "angle_change": [0, 0, 86.3052253117918], "result": 1, "data": [[[1.0, -0.0, 0.0, 0.0], [0.0, 1.0, -0.0, 0.0], [0.0, 0.0, 1.0, 0.0], [0.0, 0.0, 0.0, 1.0], [0.0, 1.5, 0.0], [0.0, -0.0, 0.0]], [[0.9913438558578491, -0.0819692388176918, 0.10255952924489975, 0.0], [0.07813739031553268, 0.9961055517196655, 0.04084455221891403, 0.0], [-0.10550811141729355, -0.03247725963592529, 0.9938879609107971, 0.0], [0.0, 0.0, 0.0, 1.0], [0.12962964177131653, 1.5, 0.0], [-1.8715873054691492, 6.056441862058435, 4.50671676249897]], [[0.9307308793067932, -0.24890057742595673, 0.26793378591537476, 0.0], [0.2127612829208374, 0.9644333720207214, 0.15684670209884644, 0.0], [-0.29744353890419006, -0.08897612988948822, 0.950584352016449, 0.0], [0.0, 0.0, 0.0, 1.0], [0.37037041783332825, 1.5, 0.0], [-5.347391386582949, 17.304120337687223, 12.876334948784214]], [[0.8164321184158325, -0.41513264179229736, 0.40137699246406555, 0.0], [0.316341370344162, 0.9030574560165405, 0.29054322838783264, 0.0], [-0.4830804765224457, -0.11023668199777603, 0.8686087131500244, 0.0], [0.0, 0.0, 0.0, 1.0], [0.6108043193817139, 1.5, -0.012769819237291813], [-7.232842481963343, 28.88678586804611, 21.179759210501928]], [[0.6567045450210571, -0.569549024105072, 0.49432075023651123, 0.0], [0.38229766488075256, 0.8164215087890625, 0.432786762714386, 0.0], [-0.6500673890113831, -0.09523535519838333, 0.75388503074646, 0.0], [0.0, 0.0, 0.0, 1.0], [0.8508296012878418, 1.5, -0.042541950941085815], [-7.199815102231746, 40.54668376244492, 30.20563734016763]], [[0.46256500482559204, -0.702220618724823, 0.5412207245826721, 0.0], [0.4068107306957245, 0.7105091214179993, 0.5741792917251587, 0.0], [-0.7877427339553833, -0.045420847833156586, 0.6143275499343872, 0.0], [0.0, 0.0, 0.0, 1.0], [1.090446949005127, 1.5, -0.08928749710321426], [-4.228520169396589, 51.97506556473697, 41.33056749801436]], [[0.27726981043815613, -0.7727574110031128, 0.5709356069564819, 0.0], [0.3800343871116638, 0.6339814066886902, 0.6735290884971619, 0.0], [-0.8824371695518494, 0.03022586740553379, 0.46945828199386597, 0.0], [0.0, 0.0, 0.0, 1.0], [1.3192685842514038, 1.508521318435669, -0.15615729987621307], [3.683879177432479, 61.93776731831975, 53.885831475615554]], [[0.11297103017568588, -0.7917519807815552, 0.6003051996231079, 0.0], [0.32452094554901123, 0.6004412770271301, 0.7308600544929504, 0.0], [-0.9391079545021057, 0.1122456043958664, 0.32477256655693054, 0.0], [0.0, 0.0, 0.0, 1.0], [1.5373215675354004, 1.525542140007019, -0.24311447143554688], [19.065812247288395, 69.90228015474237, 70.80616006874517]], [[-0.05420317500829697, -0.795684814453125, 0.603280782699585, 0.0], [0.2581772208213806, 0.5724570751190186, 0.7782270908355713, 0.0], [-0.9645758271217346, 0.19793573021888733, 0.17439870536327362, 0.0], [0.0, 0.0, 0.0, 1.0], [1.7550040483474731, 1.5425341129302979, -0.3469478487968445], [48.61712600270527, 74.70399876390971, 101.85679426208094]], [[-0.2187277376651764, -0.7846227288246155, 0.5801080465316772, 0.0], [0.183322012424469, 0.550875186920166, 0.8142048716545105, 0.0], [-0.9584107995033264, 0.2844357490539551, 0.023346947506070137, 0.0], [0.0, 0.0, 0.0, 1.0], [1.9723166227340698, 1.5594971179962158, -0.4676288068294525], [-94.69241076616862, 106.58230162048928, -39.96734370194985]], [[-0.3752836287021637, -0.7591209411621094, 0.5318812131881714, 0.0], [0.10250173509120941, 0.5363143682479858, 0.8377709984779358, 0.0], [-0.9212250709533691, 0.3689204752445221, -0.12345878779888153, 0.0], [0.0, 0.0, 0.0, 1.0], [2.1892597675323486, 1.576431393623352, -0.6051286458969116], [-71.49724543915623, 112.89416139476809, -15.27666747502815]], [[-0.5189249515533447, -0.7201895713806152, 0.46048226952552795, 0.0], [0.018400903791189194, 0.5291533470153809, 0.8483266830444336, 0.0], [-0.8546217083930969, 0.44869115948677063, -0.2613387405872345, 0.0], [0.0, 0.0, 0.0, 1.0], [2.405834436416626, 1.593336820602417, -0.7594189047813416], [-59.781476597346725, 121.28202984651561, -2.0308380751664625]], [[-0.6452270150184631, -0.6692483425140381, 0.36849522590637207, 0.0], [-0.06624870002269745, 0.5295243263244629, 0.8457038998603821, 0.0], [-0.761113166809082, 0.5212586522102356, -0.38600024580955505, 0.0], [0.0, 0.0, 0.0, 1.0], [2.6220407485961914, 1.6102136373519897, -0.930470883846283], [-53.479469370945644, 130.43757057983754, 5.862303126410931]], [[-0.7504119873046875, -0.6080682277679443, 0.25910401344299316, 0.0], [-0.14875684678554535, 0.5373179316520691, 0.8301571011543274, 0.0], [-0.6440134048461914, 0.584416389465332, -0.49366411566734314, 0.0], [0.0, 0.0, 0.0, 1.0], [2.8378798961639404, 1.6270616054534912, -1.1182562112808228], [-49.811784145148444, 139.90825624146387, 11.212582829239148]], [[-0.8314497470855713, -0.5387048721313477, 0.13597199320793152, 0.0], [-0.22655907273292542, 0.5521923303604126, 0.8023431897163391, 0.0], [-0.5073089003562927, 0.6363023519515991, -0.5811686515808105, 0.0], [0.0, 0.0, 0.0, 1.0], [3.053352117538452, 1.64388108253479, -1.3227463960647583], [-47.59289474043225, 149.5152588185453, 15.242292840482767]], [[-0.886130690574646, -0.4634249806404114, 0.0031133745796978474, 0.0], [-0.29729318618774414, 0.5735923647880554, 0.7632880210876465, 0.0], [-0.3555125296115875, 0.6754473447799683, -0.6460508704185486, 0.0], [0.0, 0.0, 0.0, 1.0], [3.268458127975464, 1.6606718301773071, -1.5439131259918213], [-46.274323306066705, 159.175140720181, 18.546390021287266]], [[-0.9131094813346863, -0.38463014364242554, -0.13524337112903595, 0.0], [-0.3588675260543823, 0.6007721424102783, 0.7143437266349792, 0.0], [-0.19350768625736237, 0.7008084654808044, -0.686601996421814, 0.0], [0.0, 0.0, 0.0, 1.0], [3.483198642730713, 1.6774342060089111, -1.781727910041809], [-45.5866632755244, 168.8424402072553, 21.45566982466647]], [[-0.9119210243225098, -0.304777592420578, -0.2747920751571655, 0.0], [-0.4095166027545929, 0.6328245401382446, 0.6571371555328369, 0.0], [-0.02638549543917179, 0.711789071559906, -0.7018975019454956, 0.0], [0.0, 0.0, 0.0, 1.0], [3.6975741386413574, 1.694167971611023, -2.0361626148223877], [-45.40089237538381, 178.48804701352563, 24.183430520663414]], [[-0.8829681277275085, -0.22630365192890167, -0.4112832844257355, 0.0], [-0.4478459358215332, 0.6687139272689819, 0.5935113430023193, 0.0], [0.14071708917617798, 0.7082431316375732, -0.6918022632598877, 0.0], [0.0, 0.0, 0.0, 1.0], [3.9115853309631348, 1.7108733654022217, -2.3071889877319336], [-45.672798791147436, -171.9106568050734, 26.89435650790357]], [[-0.8274828791618347, -0.15155063569545746, -0.5406518578529358, 0.0], [-0.47286316752433777, 0.7073107957839966, 0.5254634618759155, 0.0], [0.3027746081352234, 0.6904663443565369, -0.6569503545761108, 0.0], [0.0, 0.0, 0.0, 1.0], [4.125232696533203, 1.7275503873825073, -2.594778537750244], [-46.42489824141422, -162.37567174260056, 29.74570606183731]], [[-0.7474650740623474, -0.08269881457090378, -0.6591334342956543, 0.0], [-0.4839957356452942, 0.7474291920661926, 0.45507991313934326, 0.0], [0.4550210237503052, 0.6591740846633911, -0.5987030863761902, 0.0], [0.0, 0.0, 0.0, 1.0], [4.338517189025879, 1.7441989183425903, -2.8989036083221436], [-47.752311355660346, -152.9337138566233, 32.92371112037421]], [[-0.6455989480018616, -0.02170613594353199, -0.7633681297302246, 0.0], [-0.4810953736305237, 0.787863552570343, 0.3844713866710663, 0.0], [0.5930845141410828, 0.6154671907424927, -0.5190865993499756, 0.0], [0.0, 0.0, 0.0, 1.0], [4.55143928527832, 1.7608193159103394, -3.2195355892181396], [-49.85563054452534, -143.62379718768076, 36.69319690065586]], [[-0.5251528024673462, 0.029742781072854996, -0.8504880666732788, 0.0], [-0.4644298255443573, 0.827425479888916, 0.31570881605148315, 0.0], [0.7131054997444153, 0.5607873797416687, -0.42071136832237244, 0.0], [0.0, 0.0, 0.0, 1.0], [4.763998985290527, 1.7774114608764648, -3.5566468238830566], [-53.122202666029786, -134.51184672164186, 41.4886078301247]], [[-0.2782723009586334, 0.11847218126058578, -0.9531677961349487, 0.0], [-0.3791356086730957, 0.898234486579895, 0.2223309725522995, 0.0], [0.8825082182884216, 0.42324838042259216, -0.20503674447536469, 0.0], [0.0, 0.0, 0.0, 1.0], [4.987210750579834, 1.7884794473648071, -3.774265766143799], [-64.15278400577654, -118.053577010769, 53.72263093558727]], [[0.12080905586481094, 0.17600105702877045, -0.9769487380981445, 0.0], [-0.19235947728157043, 0.9696530699729919, 0.15089963376522064, 0.0], [0.9738598465919495, 0.16969530284404755, 0.15099835395812988, 0.0], [0.0, 0.0, 0.0, 1.0], [5.221046447753906, 1.7940375804901123, -3.872711181640625], [48.336657944817034, -76.87067820261032, -57.86961785620095]], [[0.2883654236793518, 0.08788120746612549, -0.9534790515899658, 0.0], [0.01184874027967453, 0.9953755736351013, 0.0953262448310852, 0.0], [0.9574471116065979, -0.03878631815314293, 0.2859906256198883, 0.0], [0.0, 0.0, 0.0, 1.0], [5.452908992767334, 1.8182260990142822, -3.871398687362671], [-7.723385814380012, -73.22531745011531, 2.3529211950071143]], [[0.3306437134742737, -0.02168024517595768, -0.9435065984725952, 0.0], [0.09298447519540787, 0.9956202507019043, 0.00970787089318037, 0.0], [0.9391638040542603, -0.09094130992889404, 0.33121150732040405, 0.0], [0.0, 0.0, 0.0, 1.0], [5.683048725128174, 1.843961477279663, -3.834266185760498], [-15.353435386204508, -69.91159653277026, 15.707181128603223]], [[0.3596814274787903, -0.13506485521793365, -0.9232479333877563, 0.0], [0.16489490866661072, 0.9830954670906067, -0.07957993447780609, 0.0], [0.9183893203735352, -0.12361545860767365, 0.3758726716041565, 0.0], [0.0, 0.0, 0.0, 1.0], [5.911327362060547, 1.8694281578063965, -3.80827260017395], [-18.20478835523