{"count": 1, "forces": [0.5, 1.5], "animations": [[{"frame_count": 59, "end_rotation": [1.0409760875518259e-07, -7.558453489764361e-07, -2.317673921585083], "angle_change": [0, 0, -132.7929335147775], "result": 1, "data": [[[1.0, -0.0, 0.0, 0.0], [0.0, 1.0, -0.0, 0.0], [0.0, 0.0, 1.0, 0.0], [0.0, 0.0, 0.0, 1.0], [0.0, 0.0, 0.0], [0.0, -0.0, 0.0]], [[0.9914177656173706, 0.09325224161148071, 0.09162329882383347, 0.0], [-0.08959542959928513, 0.9950385689735413, -0.0432540588080883, 0.0], [-0.0952022522687912, 0.03467381373047829, 0.9948539137840271, 0.0], [0.0, 0.0, 0.0, 1.0], [0.12962964177131653, 0.0, 0.0], [1.9961317495595121, 5.462960748660503, -5.163850543206366]], [[0.9313675165176392, 0.2792631685733795, 0.23359499871730804, 0.0], [-0.24527569115161896, 0.9554325938224792, -0.16428142786026, 0.0], [-0.26906201243400574, 0.09571121633052826, 0.9583553671836853, 0.0], [0.0, 0.0, 0.0, 1.0], [0.37037041783332825, 0.0, 0.0], [5.7032339970568575, 15.608459281887152, -14.753859182745986]], [[0.8181560039520264, 0.46132808923721313, 0.3432159423828125, 0.0], [-0.3687107563018799, 0.8789482712745667, -0.30249351263046265, 0.0], [-0.4412178099155426, 0.1209394782781601, 0.8892134428024292, 0.0], [0.0, 0.0, 0.0, 1.0], [0.6108043193817139, 0.0, -0.012769819237291813], [7.7451186225453466, 26.181607484992522, -24.259218299693877]], [[0.6600018739700317, 0.6272429823875427, 0.41347768902778625, 0.0], [-0.4519616365432739, 0.7711489200592041, -0.448397159576416, 0.0], [-0.6001068353652954, 0.1090669184923172, 0.7924494743347168, 0.0], [0.0, 0.0, 0.0, 1.0], [0.8508296012878418, 0.0, -0.042541950941085815], [7.83653558194409, 36.87755053654367, -34.402891037978016]], [[0.4678683876991272, 0.7663256525993347, 0.4402773976325989, 0.0], [-0.49008336663246155, 0.6395160555839539, -0.5923153162002563, 0.0], [-0.7354708909988403, 0.06135300174355507, 0.6747727990150452, 0.0], [0.0, 0.0, 0.0, 1.0], [1.090446949005127, 0.0, -0.08928749710321426], [5.195272401596187, 47.34702159069013, -46.328455970333636]], [[0.25469762086868286, 0.8698731064796448, 0.4224332869052887, 0.0], [-0.481179416179657, 0.49292346835136414, -0.7249088287353516, 0.0], [-0.8388059735298157, -0.018633661791682243, 0.5441114902496338, 0.0], [0.0, 0.0, 0.0, 1.0], [1.3296570777893066, 0.0, -0.1529776155948639], [-1.9613867906950688, 57.01424936077815, -62.10686231160175]], [[0.03451349586248398, 0.9316652417182922, 0.36167484521865845, 0.0], [-0.42643266916275024, 0.3410218060016632, -0.837770402431488, 0.0], [-0.9038606286048889, -0.1253155767917633, 0.40906235575675964, 0.0], [0.0, 0.0, 0.0, 1.0], [1.5684607028961182, 0.0, -0.2335834950208664], [-17.032359063443465, 64.67025962786423, -85.3728293795505]], [[-0.17851397395133972, 0.948291540145874, 0.2624421715736389, 0.0], [-0.3299374282360077, 0.19359247386455536, -0.9239389896392822, 0.0], [-0.926970362663269, -0.25152552127838135, 0.278317928314209, 0.0], [0.0, 0.0, 0.0, 1.0], [1.8068584203720093, 0.0, -0.33107641339302063], [-42.10520998763677, 67.9673695251478, -118.41578194245479]], [[-0.37097299098968506, 0.9192825555801392, 0.1315241903066635, 0.0], [-0.19835083186626434, 0.059923890978097916, -0.9782975316047668, 0.0], [-0.9072133302688599, -0.38900989294052124, 0.16011030972003937, 0.0], [0.0, 0.0, 0.0, 1.0], [2.044851064682007, 0.0, -0.44542765617370605], [112.3712899232361, 114.87695165044445, 28.13240342704925]], [[-0.5310360193252563, 0.8470519781112671, -0.02244243212044239, 0.0], [-0.04039621725678444, -0.05176287889480591, -0.9978420734405518, 0.0], [-0.8463857769966125, -0.528983473777771, 0.06170564889907837, 0.0], [0.0, 0.0, 0.0, 1.0], [2.2824392318725586, 0.0, -0.5766085982322693], [96.65345369952767, 122.17928447702351, 4.350144921060182]], [[-0.6491515040397644, 0.7366588711738586, -0.18956807255744934, 0.0], [0.13374561071395874, -0.1347949057817459, -0.981805682182312, 0.0], [-0.7488086819648743, -0.66269451379776, -0.011022580787539482, 0.0], [0.0, 0.0, 0.0, 1.0], [2.5196235179901123, 0.0, -0.724590539932251], [89.04708866242383, 131.51271065708926, -11.641827775175893]], [[-0.7185685634613037, 0.595414400100708, -0.35936182737350464, 0.0], [0.31311124563217163, -0.18441572785377502, -0.9316394925117493, 0.0], [-0.6209835410118103, -0.7819671034812927, -0.053915608674287796, 0.0], [0.0, 0.0, 0.0, 1.0], [2.7564048767089844, 0.0, -0.8893450498580933], [86.0557731644709, 141.61200594878852, -23.544830031382023]], [[-0.735668420791626, 0.4323645830154419, -0.5213950872421265, 0.0], [0.4866531193256378, -0.19802042841911316, -0.8508564233779907, 0.0], [-0.47112706303596497, -0.8796867728233337, -0.06473419070243835, 0.0], [0.0, 0.0, 0.0, 1.0], [2.992783784866333, 0.0, -1.0708435773849487], [-94.20868310876999, 28.10748177431517, 146.51490698032043]], [[-0.7000908851623535, 0.25768589973449707, -0.6659359931945801, 0.0], [0.6439158320426941, -0.17524993419647217, -0.7447548508644104, 0.0], [-0.30861806869506836, -0.9502028226852417, -0.04323715344071388, 0.0], [0.0, 0.0, 0.0, 1.0], [3.2287609577178955, 0.0, -1.2690577507019043], [-92.60533718224451, 17.975968480300942, 137.39338058906517]], [[-0.6146587133407593, 0.08203743398189545, -0.7845154404640198, 0.0], [0.7756494879722595, -0.11794473975896835, -0.6200459003448486, 0.0], [-0.14339645206928253, -0.9896256327629089, 0.008863472379744053, 0.0], [0.0, 0.0, 0.0, 1.0], [3.464337110519409, 0.0, -1.4839589595794678], [-89.48685039213511, 8.244431917856312, 128.3948522443835]], [[-0.48511192202568054, -0.08409445732831955, -0.8703990578651428, 0.0], [0.8743293285369873, -0.029970135539770126, -0.48440685868263245, 0.0], [0.014649954624474049, -0.996006965637207, 0.08806512504816055, 0.0], [0.0, 0.0, 0.0, 1.0], [3.6995129585266113, 0.0, -1.7155189514160156], [-84.94715149990779, -0.8394106122007033, 119.0232179861007]], [[-0.31968021392822266, -0.2310117781162262, -0.9189331531524658, 0.0], [0.9345500469207764, 0.0830765888094902, -0.34599778056144714, 0.0], [0.15627139806747437, -0.9693976640701294, 0.18933413922786713, 0.0], [0.0, 0.0, 0.0, 1.0], [3.93428897857666, 0.0, -1.9637094736099243], [-78.94861982361414, -8.990540438447349, 108.8842051443778]], [[-0.12852303683757782, -0.35035398602485657, -0.9277574419975281, 0.0], [0.9532809257507324, 0.21424558758735657, -0.21296551823616028, 0.0], [0.2733812630176544, -0.9117844700813293, 0.3064502775669098, 0.0], [0.0, 0.0, 0.0, 1.0], [4.168665885925293, 0.0, -2.2285022735595703], [-71.42252999982547, -15.865571507908527, 97.67841920713646]], [[0.07692234963178635, -0.43554598093032837, -0.8968738317489624, 0.0], [0.9299713969230652, 0.3556826412677765, -0.09296798706054688, 0.0], [0.35949426889419556, -0.8269156813621521, 0.4324052631855011, 0.0], [0.0, 0.0, 0.0, 1.0], [4.402644634246826, 0.0, -2.50986909866333], [-62.39433131338925, -21.069140881798987, 85.27155816472671]], [[0.2846391797065735, -0.4821239709854126, -0.8285753130912781, 0.0], [0.8665084838867188, 0.4991096258163452, 0.007252877112478018, 0.0], [0.4100531041622162, -0.7200319766998291, 0.5598306655883789, 0.0], [0.0, 0.0, 0.0, 1.0], [4.636226177215576, 0.0, -2.807781457901001], [-52.13464610450515, -24.208171173384493, 71.81517708464199]], [[0.4827408492565155, -0.48792943358421326, -0.727245569229126, 0.0], [0.7670353651046753, 0.6363131999969482, 0.08223268389701843, 0.0], [0.42263221740722656, -0.5975201725959778, 0.6814335584640503, 0.0], [0.0, 0.0, 0.0, 1.0], [4.869410037994385, 0.0, -3.1222119331359863], [-41.246149774967584, -25.000882928456175, 57.81535883343436]], [[0.6601414680480957, -0.45316246151924133, -0.5990467667579651, 0.0], [0.6376477479934692, 0.7596098780632019, 0.1280551701784134, 0.0], [0.3970120847225189, -0.46651536226272583, 0.7904080152511597, 0.0], [0.0, 0.0, 0.0, 1.0], [5.102198123931885, 0.0, -3.453131914138794], [-30.54999498755216, -23.39152131281921, 44.007031765797215]], [[0.807157576084137, -0.3802989721298218, -0.4515188932418823, 0.0], [0.4859917163848877, 0.8622632026672363, 0.1425279676914215, 0.0], [0.3351248800754547, -0.33447694778442383, 0.8808044195175171, 0.0], [0.0, 0.0, 0.0, 1.0], [5.334590435028076, 0.0, -3.800513505935669], [-20.793788635599093, -19.580132321979526, 31.052256363263634]], [[0.9430174231529236, -0.3238539695739746, 0.0763985812664032, 0.0], [0.32512274384498596, 0.9456613659858704, -0.004453299101442099, 0.0], [-0.07080496102571487, 0.029038453474640846, 0.997067391872406, 0.0], [0.0, 0.0, 0.0, 1.0], [5.561837196350098, -0.004116158466786146, -3.984518051147461], [1.6682028415629755, 4.060223027587005, 19.022582272484094]], [[0.9849226474761963, -0.1309986412525177, 0.11298993229866028, 0.0], [0.12639178335666656, 0.9908641576766968, 0.047046057879924774, 0.0], [-0.11812064796686172, -0.032055728137493134, 0.9924817085266113, 0.0], [0.0, 0.0, 0.0, 1.0], [5.736099720001221, -0.0005303295911289752, -3.971548080444336], [-1.8499279218373925, 6.783652102989692, 7.312607138638044]], [[0.9906916618347168, 0.04795101284980774, 0.1273999661207199, 0.0], [-0.05166342481970787, 0.9983261823654175, 0.025995083153247833, 0.0], [-0.1259402334690094, -0.032335031777620316, 0.9915106892585754, 0.0], [0.0, 0.0, 0.0, 1.0], [5.905512809753418, 0.005236015655100346, -3.955354928970337], [-1.8678612238334957, 7.235056317028073, -2.9852046130798886]], [[0.9665906429290771, 0.22143405675888062, 0.12911033630371094, 0.0], [-0.22223159670829773, 0.9749578833580017, -0.008379602804780006, 0.0], [-0.12773267924785614, -0.02059275098145008, 0.9915948510169983, 0.0], [0.0, 0.0, 0.0, 1.0], [6.073549270629883, 0.011297709308564663, -3.951693296432495], [-1.1897078561205028, 7.3385917395617115, -12.948021199218083]], [[0.9163739681243896, 0.3840738534927368, 0.11289852857589722, 0.0], [-0.3804178833961487, 0.9232842326164246, -0.053183045238256454, 0.0], [-0.12466365098953247, 0.005786935333162546, 0.992182195186615, 0.0], [0.0, 0.0, 0.0, 1.0], [6.240039348602295, 0.017734013497829437, -3.959785223007202], [0.33417572964232145, 7.161332535787425, -22.544994497277]], [[0.8350434303283691, 0.543631374835968, 0.08466041088104248, 0.0], [-0.541253387928009, 0.8393175005912781, -0.05090038850903511, 0.0], [-0.09872801601886749, -0.00331870187073946, 0.9951089024543762, 0.0], [0.0, 0.0, 0.0, 1.0], [6.402424335479736, 0.02485782466828823, -3.969297170639038], [-0.19108150562240894, 5.665928784470718, -32.950256650583455]], [[0.7281094193458557, 0.6842731833457947, 0.040335267782211304, 0.0], [-0.6832450032234192, 0.729225754737854, -0.03749735280871391, 0.0], [-0.05507194623351097, -0.0002566963084973395, 0.998482346534729, 0.0], [0.0, 0.0, 0.0, 1.0], [6.5622100830078125, 0.032975368201732635, -3.9855599403381348], [-0.01472996995579363, 3.156987285800294, -43.179284555377954]], [[0.5943068265914917, 0.8042193651199341, -0.005536458920687437, 0.0], [-0.8042284846305847, 0.5943195819854736, 0.0008807304548099637, 0.0], [0.0039987266063690186, 0.0039291540160775185, 0.9999842643737793, 0.0], [0.0, 0.0, 0.0, 1.0], [6.719784736633301, 0.04160158336162567, -4.010494232177734], [0.22512631673607306, -0.22911077162142346, -53.53642973352896]], [[0.45695364475250244, 0.8887043595314026, 0.03738931566476822, 0.0], [-0.8893740773200989, 0.4571700990200043, 0.003040125360712409, 0.0], [-0.014391504228115082, -0.034642282873392105, 0.9992961287498474, 0.0], [0.0, 0.0, 0.0, 1.0], [6.869734287261963, 0.04863706976175308, -4.020814418792725], [-1.9854595789813672, 0.8246008944502645, -62.80624636185438]], [[0.32357311248779297, 0.9461309909820557, 0.01168852299451828, 0.0], [-0.9458958506584167, 0.32375815510749817, -0.021486882120370865, 0.0], [-0.02411365881562233, -0.004103547893464565, 0.9997007846832275, 0.0], [0.0, 0.0, 0.0, 1.0], [7.012203216552734, 0.05910899490118027, -4.0155229568481445], [-0.23518502426895976, 1.3817448144943465, -71.11515099660738]], [[0.18233877420425415, 0.9831807017326355, -0.010403224267065525, 0.0], [-0.9831539988517761, 0.18217691779136658, -0.01482660323381424, 0.0], [-0.01268200296908617, 0.012931435368955135, 0.9998359680175781, 0.0], [0.0, 0.0, 0.0, 1.0], [7.152522563934326, 0.06901358813047409, -4.0178303718566895], [0.7409969244100755, 0.7266447226123217, -79.49312933443672]], [[0.03940915688872337, 0.9991642236709595, 0.010851808823645115, 0.0], [-0.9991867542266846, 0.0393127016723156, 0.008962771855294704, 0.0], [0.008528667502105236, -0.011196199804544449, 0.9999009370803833, 0.0], [0.0, 0.0, 0.0, 1.0], [7.28986120223999, 0.0772736445069313, -4.024190425872803], [-0.641531707652383, -0.48866257579568306, -87.74135456860333]], [[-0.08891114592552185, 0.9960017204284668, 0.008680694736540318, 0.0], [-0.9959920048713684, -0.08881837874650955, -0.010544502176344395, 0.0], [-0.009731337428092957, -0.009583426639437675, 0.9999067187309265, 0.0], [0.0, 0.0, 0.0, 1.0], [7.420444965362549, 0.08696100860834122, -4.01991081237793], [-0.5491243174631351, 0.5575733681881466, -95.10121124837222]], [[-0.21825234591960907, 0.9758922457695007, 0.00043052915134467185, 0.0], [-0.9758872985839844, -0.21825259923934937, 0.0031355032697319984, 0.0], [0.003153877565637231, 0.0002641830069478601, 0.9999949932098389, 0.0], [0.0, 0.0, 0.0, 1.0], [7.548147678375244, 0.09707694500684738, -4.020410537719727], [0.015136646355887066, -0.1807041670966985, -102.60646899519236]], [[-0.33219113945961, 0.9431418776512146, 0.011507364921271801, 0.0], [-0.9431754350662231, -0.33204591274261475, -0.01287072617560625, 0.0], [-0.008317947387695312, -0.01512900460511446, 0.9998509287834167, 0.0], [0.0, 0.0, 0.0, 1.0], [7.6717729568481445, 0.1067558154463768, -4.021141052246094], [-0.866891184635162, 0.47658877569465746, -109.40252087973339]], [[-0.44561895728111267, 0.8952140808105469, -0.0039365775883197784, 0.0], [-0.8952199816703796, -0.4456241726875305, -0.0005164188914932311, 0.0], [-0.002216539578512311, 0.0032939768861979246, 0.9999921321868896, 0.0], [0.0, 0.0, 0.0, 1.0], [7.7909417152404785, 0.1173870712518692, -4.021335124969482], [0.18873177380557912, 0.1269984696941676, -116.4630171983698]], [[-0.5458247065544128, 0.8376344442367554, 0.021069254726171494, 0.0], [-0.8377419114112854, -0.5460370182991028, 0.005656846333295107, 0.0], [0.016242962330579758, -0.01456295233219862, 0.9997619986534119, 0.0], [0.0, 0.0, 0.0, 1.0], [7.906917572021484, 0.12693344056606293, -4.0250420570373535], [-0.8345352978763423, -0.9306941694672196, -123.08596476858602]], [[-0.6274267435073853, 0.7786564826965332, 0.005459634121507406, 0.0], [-0.7784720659255981, -0.6270869970321655, -0.027260882779955864, 0.0], [-0.017803197726607323, -0.021354379132390022, 0.9996134638786316, 0.0], [0.0, 0.0, 0.0, 1.0], [8.01767349243164, 0.1379936784505844, -4.024195671081543], [-1.2238027730750312, 1.0201019860329212, -128.86784284440688]], [[-0.6797776222229004, 0.7305265665054321, 0.0650644302368164, 0.0], [-0.732336163520813, -0.6809157133102417, -0.006127981469035149, 0.0], [0.03982674330472946, -0.05181470140814781, 0.9978622198104858, 0.0], [0.0, 0.0, 0.0, 1.0], [8.097585678100586, 0.15496860444545746, -4.0213303565979], [-2.972454144003356, -2.282507921079807, -132.86844856582343]], [[-0.6940887570381165, 0.7192100286483765, 0.03126845508813858, 0.0], [-0.7188622951507568, -0.6947637796401978, 0.023244183510541916, 0.0], [0.03844163939356804, -0.006344187073409557, 0.9992406964302063, 0.0], [0.0, 0.0, 0.0, 1.0], [8.080632209777832, 0.17914581298828125, -4.019730091094971], [-0.3637664570043439, -2.2030864814108986, -133.9955254015239]], [[-0.7019336223602295, 0.7122395038604736, -0.00201848684810102, 0.0], [-0.7120972871780396, -0.7017307281494141, 0.02216860093176365, 0.0], [0.014372918754816055, 0.01699824631214142, 0.9997522234916687, 0.0], [0.0, 0.0, 0.0, 1.0], [8.061836242675781, 0.20234137773513794, -4.024563312530518], [0.9740752622069094, -0.8235359185482715, -134.5881809158059]], [[-0.6991227865219116, 0.7149956226348877, -0.002930050017312169, 0.0], [-0.7149645090103149, -0.6991223692893982, -0.007327021099627018, 0.0], [-0.0072872512973845005, -0.003027605591341853, 0.9999688863754272, 0.0], [0.0, 0.0, 0.0, 1.0], [8.041698455810547, 0.22207526862621307, -4.028899192810059], [-0.1734738915919243, 0.41753245217064133, -134.35815380493824]], [[-0.688559353351593, 0.7251743674278259, -0.002852799603715539, 0.0], [-0.7251286506652832, -0.6884585022926331, 0.014608152210712433, 0.0], [0.008629423566162586, 0.012127227149903774, 0.9998892545700073, 0.0], [0.0, 0.0, 0.0, 1.0], [8.024429321289062, 0.23757337033748627, -4.028737545013428], [0.6948818350116766, -0.4944356864699305, -133.51820446156674]], [[-0.688323974609375, 0.7252392768859863, -0.015432169660925865, 0.0], [-0.7253980040550232, -0.6882453560829163, 0.010774143971502781, 0.0], [-0.0028072872664779425, 0.01861056685447693, 0.9998228549957275, 0.0], [0.0, 0.0, 0.0, 1.0], [8.011014938354492, 0.24921496212482452, -4.017569065093994], [1.0663726756783496, 0.16084592569341533, -133.49779585632675]], [[-0.6851180195808411, 0.7284170985221863, -0.004676498472690582, 0.0], [-0.7284314036369324, -0.6850945353507996, 0.005758967250585556, 0.0], [0.0009910865919664502, 0.007352080661803484, 0.9999724626541138, 0.0], [0.0, 0.0, 0.0, 1.0], [7.99846887588501, 0.25916150212287903, -4.0149054527282715], [0.4212471946250556, -0.05678508552178853, -133.2449149324962]], [[-0.6853176355361938, 0.7282286882400513, -0.004771933425217867, 0.0], [-0.7281641364097595, -0.6853246688842773, -0.010346109047532082, 0.0], [-0.010804656893014908, -0.003615620546042919, 0.9999350905418396, 0.0], [0.0, 0.0, 0.0, 1.0], [7.988063812255859, 0.26765432953834534, -4.0189208984375], [-0.20717233740947474, 0.6190732986094406, -133.26373893384874]], [[-0.6820859313011169, 0.7311850786209106, -0.01127692498266697, 0.0], [-0.7312718629837036, -0.6820152997970581, 0.009831166826188564, 0.0], [-0.0005026331054978073, 0.014952198602259159, 0.9998880624771118, 0.0], [0.0, 0.0, 0.0, 1.0], [7.979730606079102, 0.27648860216140747, -4.016383171081543], [0.8567298908625929, 0.028798755588578213, -133.00686917954292]], [[-0.6796477437019348, 0.7334936261177063, -0.008126948028802872, 0.0], [-0.7335079908370972, -0.6794763207435608, 0.016672924160957336, 0.0], [0.006707415450364351, 0.017292896285653114, 0.9998279809951782, 0.0], [0.0, 0.0, 0.0, 1.0], [7.975120544433594, 0.2854011058807373, -4.0105133056640625], [0.9908816897116662, -0.3843094782327737, -132.8173177696967]], [[-0.6794423460960388, 0.7337156534194946, -0.004409664310514927, 0.0], [-0.7337163686752319, -0.6793832778930664, 0.009933538734912872, 0.0], [0.004292540717869997, 0.009984709322452545, 0.9999409317970276, 0.0], [0.0, 0.0, 0.0, 1.0], [7.9723944664001465, 0.2920589745044708, -4.00753116607666], [0.5720964847977094, -0.24594521357394794, -132.80057014585185]], [[-0.6791871190071106, 0.7339568138122559, 0.0034939544275403023, 0.0], [-0.7339649796485901, -0.6791759133338928, -0.003936145454645157, 0.0], [-0.0005159513093531132, -0.005237819626927376, 0.9999861717224121, 0.0], [0.0, 0.0, 0.0, 1.0], [7.970710754394531, 0.2965431213378906, -4.011963367462158], [-0.30010637253632766, 0.0295618324601821, -132.78016154061183]], [[-0.6791962385177612, 0.7339460253715515, 0.0039598820731043816, 0.0], [-0.7339562177658081, -0.679192304611206, -0.0024756521452218294, 0.0], [0.0008725263178348541, -0.004587833769619465, 0.9999890923500061, 0.0], [0.0, 0.0, 0.0, 1.0], [7.970437526702881, 0.2967022657394409, -4.007961750030518], [-0.2628645259629951, -0.049992082196134005, -132.78088554066386]], [[-0.6792037487030029, 0.733945906162262, 0.002368183573707938, 0.0], [-0.733949601650238, -0.6792020797729492, -0.0015820137923583388, 0.0], [0.0004473626322578639, -0.002812637249007821, 0.9999959468841553, 0.0], [0.0, 0.0, 0.0, 1.0], [7.969620704650879, 0.2972053587436676, -4.005430221557617], [-0.16115247045305933, -0.025631992407765352, -132.78145927655413]], [[-0.6791942119598389, 0.7339581251144409, 0.0008450027671642601, 0.0], [-0.7339586019515991, -0.6791934370994568, -0.0010378843871876597, 0.0], [-0.00018784335406962782, -0.0013251220807433128, 0.9999991059303284, 0.0], [0.0, 0.0, 0.0, 1.0], [7.968832015991211, 0.2974832057952881, -4.003808498382568], [-0.07592392924661216, 0.01076263139777125, -132.78070795574544]], [[-0.6791744828224182, 0.7339765429496765, -0.0006868785712867975, 0.0], [-0.7339761853218079, -0.6791747808456421, -0.00071125035174191, 0.0], [-0.0009885517647489905, 2.108945045620203e-05, 0.9999995231628418, 0.0], [0.0, 0.0, 0.0, 1.0], [7.968067646026611, 0.2976529002189636, -4.002771854400635], [0.0012083371287131197, 0.056639850620433196, -132.7791916537497]], [[-0.679349422454834, 0.7338147759437561, -0.00045295420568436384, 0.0], [-0.7338146567344666, -0.6793496012687683, -0.00045616331044584513, 0.0], [-0.0006424536113627255, 2.2490137780550867e-05, 0.9999998211860657, 0.0], [0.0, 0.0, 0.0, 1.0], [7.968013763427734, 0.2976345419883728, -4.002103805541992], [0.0012885902881545326, 0.03680988379907551, -132.79283837171138]], [[-0.6793490052223206, 0.7338152527809143, -0.00028954038862138987, 0.0], [-0.7338151931762695, -0.6793490648269653, -0.0002908630413003266, 0.0], [-0.0004101387457922101, 1.487162535340758e-05, 0.9999999403953552, 0.0], [0.0, 0.0, 0.0, 1.0], [7.968093395233154, 0.2977195084095001, -4.001680850982666], [0.0008520814193602136, 0.02349921914868259, -132.79279739057637]], [[-0.6793498992919922, 0.7338144779205322, -0.00018474810349289328, 0.0], [-0.7338144183158875, -0.679349958896637, -0.00018508979701437056, 0.0], [-0.00026133019127883017, 9.830085218709428e-06, 0.9999999403953552, 0.0], [0.0, 0.0, 0.0, 1.0], [7.96815299987793, 0.2977805435657501, -4.001410484313965], [0.000563222395285985, 0.014973117019623483, -132.79286569246807]], [[-0.6793502569198608, 0.7338141202926636, -0.00011794513557106256, 0.0], [-0.7338141202926636, -0.6793503165245056, -0.00011767209798563272, 0.0], [-0.0001664755109231919, 6.609236152144149e-06, 1.0, 0.0], [0.0, 0.0, 0.0, 1.0], [7.968191146850586, 0.29781973361968994, -4.001237392425537], [0.00037868133732314377, 0.009538344168182932, -132.79289301322476]], [[-0.6793504357337952, 0.733814001083374, -7.523993554059416e-05, 0.0], [-0.7338139414787292, -0.6793504357337952, -7.458010804839432e-05, 0.0], [-0.00010584221308818087, 4.546086074697087e-06, 1.0, 0.0], [0.0, 0.0, 0.0, 1.0], [7.968215465545654, 0.2978450357913971, -4.001126289367676], [0.0002604715453833382, 0.0060643121042770875, -132.79290667360308]], [[-0.6793506145477295, 0.7338138222694397, -4.7933463065419346e-05, 0.0], [-0.7338138222694397, -0.6793506145477295, -4.7028748667798936e-05, 0.0], [-6.70739755150862e-05, 3.225226464564912e-06, 1.0, 0.0], [0.0, 0.0, 0.0, 1.0], [7.968231678009033, 0.2978615164756775, -4.001055717468262], [0.00018479186439346922, 0.0038430557121782614, -132.7929203339814]], [[-0.6793506145477295, 0.7338138222694397, -3.0471917852992192e-05, 0.0], [-0.7338138222694397, -0.6793506145477295, -2.9412050935206935e-05, 0.0], [-4.22840857936535e-05, 2.3796178538759705e-06, 1.0, 0.0], [0.0, 0.0, 0.0, 1.0], [7.9682416915893555, 0.297872394323349, -4.001010417938232], [0.00013634205988107174, 0.0024226996565454278, -132.7929203339814]], [[-0.6793507933616638, 0.7338136434555054, -1.9305538444314152e-05, 0.0], [-0.7338136434555054, -0.6793507933616638, -1.8147336959373206e-05, 0.0], [-2.643199695739895e-05, 1.8382594362265081e-06, 1.0, 0.0], [0.0, 0.0, 0.0, 1.0], [7.9682488441467285, 0.297879695892334, -4.000981330871582], [0.00010532450734587703, 0.001514441869761593, -132.79293399435977]], [[-0.6793506145477295, 0.7338138222694397, -1.216481177834794e-05, 0.0], [-0.7338138222694397, -0.6793506145477295, -1.0944294444925617e-05, 0.0], [-1.6295247405651025e-05, 1.491693524258153e-06, 1.0, 0.0], [0.0, 0.0, 0.0, 1.0], [7.968253135681152, 0.2978847324848175, -4.000962734222412], [8.546774326698786e-05, 0.0009336489024653079, -132.7929203339814]], [[-0.6793507933616638, 0.7338136434555054, -7.598544470965862e-06, 0.0], [-0.7338136434555054, -0.6793507933616638, -6.338493221846875e-06, 0.0], [-9.813350516196806e-06, 1.2698551472567488e-06, 1.0, 0.0], [0.0, 0.0, 0.0, 1.0], [7.96825647354126, 0.29788830876350403, -4.000950813293457], [7.275734053077537e-05, 0.0005622635674606048, -132.79293399435977]], [[-0.6793507933616638, 0.7338136434555054, -4.67865493192221e-06, 0.0], [-0.7338136434555054, -0.6793507933616638, -3.393511406102334e-06, 0.0], [-5.6686531024752185e-06, 1.1278760894128936e-06, 1.0, 0.0], [0.0, 0.0, 0.0, 1.0], [7.968258380889893, 0.2978909909725189, -4.000943183898926], [6.462253973707867e-05, 0.00032478989829557017, -132.79293399435977]], [[-0.6793507933616638, 0.7338136434555054, -2.811610102071427e-06, 0.0], [-0.7338136434555054, -0.6793507933616638, -1.5105275679161423e-06, 0.0], [-3.0185153718775837e-06, 1.0370197287556948e-06, 1.0, 0.0], [0.0, 0.0, 0.0, 1.0], [7.968260288238525, 0.29789307713508606, -4.000938415527344], [5.941685372950273e-05, 0.00017294819120394772, -132.79293399435977]], [[-0.6793507933616638, 0.7338136434555054, -1.6178256601051544e-06, 0.0], [-0.7338136434555054, -0.6793507933616638, -3.066139129259682e-07, 0.0], [-1.3240686485005426e-06, 9.78884145297343e-07, 1.0, 0.0], [0.0, 0.0, 0.0, 1.0], [7.968261241912842, 0.29789477586746216, -4.000935077667236], [5.60859301578086e-05, 7.586354534467198e-05, -132.79293399435977]], [[-0.6793507933616638, 0.7338136434555054, -8.545583227714815e-07, 0.0], [-0.7338136434555054, -0.6793507933616638, 4.630917658232647e-07, 0.0], [-2.407218175903836e-07, 9.4168831310526e-07, 1.0, 0.0], [0.0, 0.0, 0.0, 1.0], [7.968262195587158, 0.29789626598358154, -4.0009331703186035], [5.3954765957725406e-05, 1.379234418464704e-05, -132.79293399435977]], [[-0.6793507933616638, 0.7338136434555054, -3.665787176032609e-07, 0.0], [-0.7338136434555054, -0.6793507933616638, 9.551630455462146e-07, 0.0], [4.518761613780953e-07, 9.178912705465336e-07, 1.0, 0.0], [0.0, 0.0, 0.0, 1.0], [7.968263149261475, 0.2978975772857666, -4.000931739807129], [5.259129585421719e-05, -2.5890596909537353e-05, -132.79293399435977]], [[-0.6793507933616638, 0.7338136434555054, -7.950463043471245e-08, 0.0], [-0.7338136434555054, -0.6793507933616638, 1.1623944828897947e-06, 0.0], [7.989694381649315e-07, 8.480152473566704e-07, 1.0, 0.0], [0.0, 0.0, 0.0, 1.0], [7.968264102935791, 0.2978987395763397, -4.0009307861328125], [4.858769463627976e-05, -4.5777576766789174e-05, -132.79293399435977]], [[-0.6793507933616638, 0.7338136434555054, 1.0377101489211782e-07, 0.0], [-0.7338136434555054, -0.6793507933616638, 1.2948016774316784e-06, 0.0], [1.0206400702372775e-06, 8.034759844122163e-07, 1.0, 0.0], [0.0, 0.0, 0.0, 1.0], [7.968264579772949, 0.29789987206459045, -4.000930309295654], [4.603578284693912e-05, -5.847836842653191e-05, -132.79293399435977]], [[-0.6793507933616638, 0.7338136434555054, 2.660265465692646e-07, 0.0], [-0.7338136434555054, -0.6793507933616638, 1.1720694601535797e-06, 0.0], [1.0408059551991755e-06, 6.01032468239282e-07, 1.0, 0.0], [0.0, 0.0, 0.0, 1.0], [7.968265056610107, 0.2979009449481964, -4.000930309295654], [3.443662378044156e-05, -5.9633788524995e-05, -132.79293399435977]], [[-0.6793507933616638, 0.7338136434555054, 4.047818151775573e-07, 0.0], [-0.7338136434555054, -0.6793507933616638, 9.138817631537677e-07, 0.0], [9.456077805225505e-07, 3.238119177240151e-07, 1.0, 0.0], [0.0, 0.0, 0.0, 1.0], [7.968265533447266, 0.29790177941322327, -4.000929832458496], [1.855305624162352e-05, -5.4179334898675195e-05, -132.79293399435977]], [[-0.6793507933616638, 0.7338136434555054, 4.999751581635792e-07, 0.0], [-0.7338136434555054, -0.6793507933616638, 7.404328812299354e-07, 0.0], [8.829982789393398e-07, 1.3612510940674838e-07, 1.0, 0.0], [0.0, 0.0, 0.0, 1.0], [7.968266487121582, 0.2979027330875397, -4.000929832458496], [7.799394254763264e-06, -5.059207470053958e-05, -132.79293399435977]], [[-0.6793507933616638, 0.7338136434555054, 4.7209138642756443e-07, 0.0], [-0.7338136434555054, -0.6793507933616638, 6.637694696109975e-07, 0.0], [8.077987558863242e-07, 1.0450523291183345e-07, 1.0, 0.0], [0.0, 0.0, 0.0, 1.0], [7.96826696395874, 0.29790377616882324, -4.000929832458496], [5.9877087828797235e-06, -4.6283459408205045e-05, -132.79293399435977]], [[-0.6793507933616638, 0.7338136434555054, 4.3709590613616456e-07, 0.0], [-0.7338136434555054, -0.6793507933616638, 6.253684432522277e-07, 0.0], [7.558453489764361e-07, 1.0409760875518259e-07, 1.0, 0.0], [0.0, 0.0, 0.0, 1.0], [7.968267440795898, 0.2979048192501068, -4.000929832458496], [5.96435363907605e-06, -4.3306748460942646e-05, -132.79293399435977]]]}, {"frame_count": 45, "end_rotation": [-2.897846762550671e-08, 7.536035582234035e-07, 0.3159893751144409], "angle_change": [0, 0, 18.10485719678349], "result": 1, "data": [[[1.0, -0.0, 0.0, 0.0], [0.0, 1.0, -0.0, 0.0], [0.0, 0.0, 1.0, 0.0], [0.0, 0.0, 0.0, 1.0], [0.0, 0.0, 0.0], [0.0, -0.0, 0.0]], [[0.9915273189544678, -0.07546522468328476, -0.10572899132966995, 0.0], [0.07097902148962021, 0.9964360594749451, -0.04557536914944649, 0.0], [0.1087915375828743, 0.03768468275666237, 0.9933500289916992, 0.0], [0.0, 0.0, 0.0, 1.0], [0.388888955116272, 0.0, 0.0], [2.172586058228795, -6.245657738861651, 4.094564791847006]], [[0.9321169853210449, -0.23402340710163116, -0.27638912200927734, 0.0], [0.193011075258255, 0.9667674899101257, -0.16765248775482178, 0.0], [0.3064385950565338, 0.10292556881904602, 0.946309506893158, 0.0], [0.0, 0.0, 0.0, 1.0], [1.1111112833023071, 0.0, 0.0], [6.207387762055247, -17.844734933135612, 11.69875740190795]], [[0.8200625777244568, -0.3947667181491852, -0.4143145978450775, 0.0], [0.28327974677085876, 0.9090818166732788, -0.3054879307746887, 0.0], [0.4972423017024994, 0.1331522911787033, 0.8573334217071533, 0.0], [0.0, 0.0, 0.0, 1.0], [1.8324129581451416, 0.0, -0.012769819237291813], [8.82806731356567, -29.81772016135134, 19.056792982489394]], [[0.6833392977714539, -0.5101080536842346, -0.5223382115364075, 0.0], [0.319674015045166, 0.8522539734840393, -0.41409143805503845, 0.0], [0.6563961505889893, 0.11598698794841766, 0.7454469203948975, 0.0], [0.0, 0.0, 0.0, 1.0], [2.557703733444214, -0.011024110019207, -0.0473288930952549], [8.843959456216998, -41.025599551573286, 25.070736980645187]], [[0.5399652123451233, -0.5776825547218323, -0.6121441721916199, 0.0], [0.31803837418556213, 0.8133978247642517, -0.48706838488578796, 0.0], [0.7792876362800598, 0.06831463426351547, 0.622931718826294, 0.0], [0.0, 0.0, 0.0, 1.0], [3.286972761154175, -0.03304422274231911, -0.10363612323999405], [6.2584084213815965, -51.19539605588543, 30.497996757400855]], [[0.37906235456466675, -0.6332949995994568, -0.6747215390205383, 0.0], [0.300998717546463, 0.7738676071166992, -0.5572509765625, 0.0], [0.8750494122505188, 0.008142571896314621, 0.48396506905555725, 0.0], [0.0, 0.0, 0.0, 1.0], [4.015002250671387, -0.05502691492438316, -0.1768716722726822], [0.9638939047536533, -61.050826273458576, 38.45172472512402]], [[0.20660270750522614, -0.6751150488853455, -0.7081913352012634, 0.0], [0.2693634033203125, 0.7350839972496033, -0.6221694946289062, 0.0], [0.9406161308288574, -0.06221892684698105, 0.3337216377258301, 0.0], [0.0, 0.0, 0.0, 1.0], [4.741794586181641, -0.07697224617004395, -0.2670067846775055], [-10.56095119279502, -70.15528402197798, 52.511662301406105]], [[0.02883804403245449, -0.70184326171875, -0.711747407913208, 0.0], [0.22444185614585876, 0.6984086632728577, -0.6795963644981384, 0.0], [0.9740607142448425, -0.14014768600463867, 0.17766375839710236, 0.0], [0.0, 0.0, 0.0, 1.0], [5.46735143661499, -0.09888028353452682, -0.37401270866394043], [-38.26767161755969, -76.92143333833269, 82.67830609160212]], [[-0.14792752265930176, -0.712738037109375, -0.68565434217453, 0.0], [0.16798239946365356, 0.6651009321212769, -0.7276143431663513, 0.0], [0.9746277928352356, -0.22281205654144287, 0.02134072408080101, 0.0], [0.0, 0.0, 0.0, 1.0], [6.191675662994385, -0.12075108289718628, -0.4978608191013336], [95.4710455013609, -102.93418830175874, -48.63242904154068]], [[-0.3175605237483978, -0.7076268792152405, -0.6312048435211182, 0.0], [0.10209812223911285, 0.6362748742103577, -0.764676570892334, 0.0], [0.9427254796028137, -0.3072759211063385, -0.1298084259033203, 0.0], [0.0, 0.0, 0.0, 1.0], [6.914768695831299, -0.14258472621440887, -0.6385224461555481], [67.09841919856044, -109.48558281022991, -17.82299273346017]], [[-0.47430723905563354, -0.6868937611579895, -0.5506447553634644, 0.0], [0.02918260730803013, 0.6128660440444946, -0.7896477580070496, 0.0], [0.8798756003379822, -0.3906048834323883, -0.2706414461135864, 0.0], [0.0, 0.0, 0.0, 1.0], [7.636632919311523, -0.1643812507390976, -0.7959690093994141], [55.28277250051782, -118.37264246765699, -3.5207879204309145]], [[-0.6529860496520996, -0.6748529672622681, -0.34377700090408325, 0.0], [-0.11408714205026627, 0.536375880241394, -0.8362326622009277, 0.0], [0.7487277984619141, -0.506827712059021, -0.42723801732063293, 0.0], [0.0, 0.0, 0.0, 1.0], [7.986855506896973, -0.20869743824005127, -0.943426251411438], [49.8702847153896, -131.51970477079934, 9.910458490394992]], [[-0.7799901366233826, -0.6257291436195374, 0.008855019696056843, 0.0], [-0.34309759736061096, 0.41576194763183594, -0.8422743678092957, 0.0], [0.5233540534973145, -0.6600037813186646, -0.5389763712882996, 0.0], [0.0, 0.0, 0.0, 1.0], [7.966383457183838, -0.2754758298397064, -1.0809338092803955], [50.764025213569525, -148.44249564712476, 23.743458762635164]], [[-0.779036819934845, -0.5086601972579956, 0.3665602505207062, 0.0], [-0.5688038468360901, 0.32743939757347107, -0.754483699798584, 0.0], [0.2637495696544647, -0.7962714433670044, -0.5444152355194092, 0.0], [0.0, 0.0, 0.0, 1.0], [7.945946216583252, -0.3421407639980316, -1.2352317571640015], [55.63936643180043, -164.70733440070285, 36.134576219008025]], [[-0.6996693015098572, -0.3346278965473175, 0.6312583088874817, 0.0], [-0.7143964171409607, 0.31526291370391846, -0.6246975660324097, 0.0], [0.010028882883489132, -0.888050377368927, -0.45963674783706665, 0.0], [0.0, 0.0, 0.0, 1.0], [7.89946985244751, -0.4148806631565094, -1.4083399772644043], [-117.36516224432343, -0.5746223207692918, -134.403301355352]], [[-0.5316809415817261, -0.14440828561782837, 0.8345427513122559, 0.0], [-0.8183815479278564, 0.3413383662700653, -0.4623199999332428, 0.0], [-0.21809862554073334, -0.9287810921669006, -0.2996641993522644, 0.0], [0.0, 0.0, 0.0, 1.0], [7.853072643280029, -0.487496942281723, -1.5981779098510742], [-107.88190220443511, 12.597380631570784, -123.01072340468916]], [[-0.294816255569458, 0.040721919387578964, 0.9546858668327332, 0.0], [-0.8697755932807922, 0.4022868573665619, -0.28575462102890015, 0.0], [-0.3956940472126007, -0.914607584476471, -0.08318177610635757, 0.0], [0.0, 0.0, 0.0, 1.0], [7.806754112243652, -0.5599898099899292, -1.8047174215316772], [-95.19664265145565, 23.30926705219204, -108.72443335931287]], [[-0.01596761681139469, 0.20050054788589478, 0.9795634746551514, 0.0], [-0.8636108636856079, 0.4909682869911194, -0.11457064747810364, 0.0], [-0.5039060711860657, -0.8477910757064819, 0.16531485319137573, 0.0], [0.0, 0.0, 0.0, 1.0], [7.760514259338379, -0.6323594450950623, -2.0279297828674316], [-78.96607778713269, 30.258762551531987, -91.05924190134209]], [[0.27397286891937256, 0.3178612291812897, 0.9076910614967346, 0.0], [-0.8012976050376892, 0.597373366355896, 0.032667458057403564, 0.0], [-0.5318467617034912, -0.7362806797027588, 0.4183655381202698, 0.0], [0.0, 0.0, 0.0, 1.0], [7.714353084564209, -0.7046061754226685, -2.267786979675293], [-60.39412407532936, 32.13031976148011, -71.12385265760997]], [[0.5435759425163269, 0.380684494972229, 0.7480672001838684, 0.0], [-0.690281093120575, 0.7097926735877991, 0.14037927985191345, 0.0], [-0.47753238677978516, -0.5926834344863892, 0.6486055254936218, 0.0], [0.0, 0.0, 0.0, 1.0], [7.668270587921143, -0.7767300605773926, -2.5242602825164795], [-42.42047444425163, 28.524362370306896, -51.780613494161294]], [[0.7642624974250793, 0.38295087218284607, 0.5188944339752197, 0.0], [-0.5430629253387451, 0.8161228895187378, 0.19755016267299652, 0.0], [-0.3478296399116516, -0.43277251720428467, 0.8316985368728638, 0.0], [0.0, 0.0, 0.0, 1.0], [7.6222662925720215, -0.8487313985824585, -2.7973220348358154], [-27.490116343163347, 20.354622839892905, -35.39650597729645]], [[0.913257896900177, 0.3251979351043701, 0.2453697770833969, 0.0], [-0.375720351934433, 0.9051662683486938, 0.1987668126821518, 0.0], [-0.15746188163757324, -0.2737157642841339, 0.948833703994751, 0.0], [0.0, 0.0, 0.0, 1.0], [7.5763397216796875, -0.9206103086471558, -3.0869436264038086], [-16.09158246754425, 9.059605603787226, -22.362590880397224]], [[0.9758198261260986, 0.21426856517791748, -0.04318176582455635, 0.0], [-0.20610438287258148, 0.96778404712677, 0.14462043344974518, 0.0], [0.07277823239564896, -0.13222353160381317, 0.9885445237159729, 0.0], [0.0, 0.0, 0.0, 1.0], [7.530491828918457, -0.992367148399353, -3.393096923828125], [-7.618422882309841, -4.173575566392067, -11.926245389951687]], [[0.9465391635894775, 0.06240689381957054, -0.31649476289749146, 0.0], [-0.05192110687494278, 0.9977899789810181, 0.04146549478173256, 0.0], [0.31838303804397583, -0.02281595766544342, 0.947687566280365, 0.0], [0.0, 0.0, 0.0, 1.0], [7.4847211837768555, -1.0640020370483398, -3.7157540321350098], [-1.3791524375392095, -18.56516621131563, -3.1397346548436653]], [[0.9112233519554138, -0.06514731794595718, -0.40672823786735535, 0.0], [0.12719297409057617, 0.9836617708206177, 0.12740269303321838, 0.0], [0.39178305864334106, -0.16782528162002563, 0.9046218395233154, 0.0], [0.0, 0.0, 0.0, 1.0], [7.42340612411499, -1.1311368942260742, -3.966693639755249], [-10.510013349512358, -23.065492478072407, 7.946279646433269]], [[0.9817687273025513, -0.08479595929384232, -0.17011715471744537, 0.0], [0.0944032222032547, 0.9943180680274963, 0.04918947443366051, 0.0], [0.164979487657547, -0.06435229629278183, 0.9841954112052917, 0.0], [0.0, 0.0, 0.0, 1.0], [7.362206935882568, -1.158820629119873, -3.9929380416870117], [-3.7409987688008264, -9.496042738919993, 5.492462470119904]], [[0.9940156936645508, -0.07836785167455673, 0.07610020786523819, 0.0], [0.08120039105415344, 0.9960878491401672, -0.03486454114317894, 0.0], [-0.0730702355504036, 0.040835265070199966, 0.996490478515625, 0.0], [0.0, 0.0, 0.0, 1.0], [7.301111698150635, -1.1864571571350098, -4.03616189956665], [2.3466156497427235, 4.1903505109936185, 4.670079092633219]], [[0.9904574155807495, -0.10511095821857452, 0.08913935720920563, 0.0], [0.10144416242837906, 0.9938353300094604, 0.04472611844539642, 0.0], [-0.09329105168581009, -0.03525664657354355, 0.9950144290924072, 0.0], [0.0, 0.0, 0.0, 1.0], [7.2563700675964355, -1.215219497680664, -4.031124114990234], [-2.0293296705769475, 5.352967382266618, 5.847929847076285]], [[0.9912782311439514, -0.12655837833881378, 0.03674878925085068, 0.0], [0.12492386996746063, 0.9911984205245972, 0.04381517693400383, 0.0], [-0.041970521211624146, -0.038842231035232544, 0.9983635544776917, 0.0], [0.0, 0.0, 0.0, 1.0], [7.215876579284668, -1.2399463653564453, -4.020031929016113], [-2.22802008697603, 2.405440227082635, 7.182721700060143]], [[0.9889320135116577, -0.14710530638694763, -0.01932745799422264, 0.0], [0.1477426290512085, 0.9883248209953308, 0.037231311202049255, 0.0], [0.013624882325530052, -0.039674725383520126, 0.999119758605957, 0.0], [0.0, 0.0, 0.0, 1.0], [7.1757354736328125, -1.2644679546356201, -4.024672508239746], [-2.2740022011290253, -0.7806724260816217, 8.496926082225112]], [[0.9880478978157043, -0.15181003510951996, -0.02673974633216858, 0.0], [0.15114980936050415, 0.9881895780563354, -0.025200163945555687, 0.0], [0.03024957701563835, 0.02085726149380207, 0.9993247389793396, 0.0], [0.0, 0.0, 0.0, 1.0], [7.138506889343262, -1.2849048376083374, -4.027160167694092], [1.1956669827279274, -1.7334375514389442, 8.697576549472577]], [[0.9845841526985168, -0.17490997910499573, 0.000774535583332181, 0.0], [0.17489884793758392, 0.9844485521316528, -0.016474084928631783, 0.0], [0.002118991455063224, 0.016355589032173157, 0.9998639822006226, 0.0], [0.0, 0.0, 0.0, 1.0], [7.106622695922852,