{"count": 11, "forces": [0.5, 1.0, 1.5], "animations": [[{"frame_count": 52, "end_rotation": [-1.2199068351037567e-06, -1.7991110325965565e-06, -1.0867643356323242], "angle_change": [0, 0, -62.26700980928102], "result": 1, "data": [[[0.9919911623001099, 0.09817223250865936, -0.07947137206792831, 0.0], [-0.09385393559932709, 0.9939888715744019, 0.05637034401297569, 0.0], [0.08452765643596649, -0.048460181802511215, 0.9952419996261597, 0.0], [0.0, 0.0, 0.0, 1.0], [0.12962964177131653, 0.0, 0.0], [-2.787636268695392, -4.848863989913357, -5.404760706742825]], [[0.9358593225479126, 0.2956777811050415, -0.191681906580925, 0.0], [-0.25851982831954956, 0.945767343044281, 0.19670186936855316, 0.0], [0.23944686353206635, -0.13453170657157898, 0.9615437388420105, 0.0], [0.0, 0.0, 0.0, 1.0], [0.37037041783332825, 0.0, 0.0], [-7.964676760962699, -13.85389638223218, -15.442171496354021]], [[0.8300168514251709, 0.4885903000831604, -0.26898232102394104, 0.0], [-0.3888739347457886, 0.8526817560195923, 0.3488709032535553, 0.0], [0.3998112380504608, -0.1849685162305832, 0.8977403044700623, 0.0], [0.0, 0.0, 0.0, 1.0], [0.6108043193817139, 0.0, -0.012769819237291813], [-11.642182945012733, -23.566379278213414, -25.1037148415053]], [[0.6822690963745117, 0.6637617349624634, -0.30647870898246765, 0.0], [-0.47638529539108276, 0.7216095328330994, 0.5023312568664551, 0.0], [0.5545862317085266, -0.19672314822673798, 0.8085382580757141, 0.0], [0.0, 0.0, 0.0, 1.0], [0.8508296012878418, 0.0, -0.042541950941085815], [-13.674764425964842, -33.682220703177045, -34.92415741505505]], [[0.5030250549316406, 0.8097233772277832, -0.3021818697452545, 0.0], [-0.515764057636261, 0.5617954134941101, 0.6468178629875183, 0.0], [0.6935079097747803, -0.16951104998588562, 0.7002233266830444, 0.0], [0.0, 0.0, 0.0, 1.0], [1.090446949005127, 0.0, -0.08928749710321426], [-13.608439874029433, -43.90843798512808, -45.71639247352504]], [[0.3045584261417389, 0.9171901345252991, -0.2569170892238617, 0.0], [-0.5050259232521057, 0.38419121503829956, 0.7728815674781799, 0.0], [0.8075846433639526, -0.1056378036737442, 0.5802134871482849, 0.0], [0.0, 0.0, 0.0, 1.0], [1.3296570777893066, 0.0, -0.1529776155948639], [-10.318652793309758, -53.86061100210528, -58.9077109873945]], [[0.10014256834983826, 0.9796076416969299, -0.1741848737001419, 0.0], [-0.44552433490753174, 0.20068249106407166, 0.8724876046180725, 0.0], [0.889651358127594, -0.009769551455974579, 0.4565359055995941, 0.0], [0.0, 0.0, 0.0, 1.0], [1.5684607028961182, 0.0, -0.2335834950208664], [-1.2259028428013985, -62.82946900503242, -77.33190721688295]], [[-0.09684691578149796, 0.9934980273246765, -0.05985283851623535, 0.0], [-0.3417609632015228, 0.0232845488935709, 0.9394984245300293, 0.0], [0.9347834587097168, 0.11144288629293442, 0.33728379011154175, 0.0], [0.0, 0.0, 0.0, 1.0], [1.8068584203720093, 0.0, -0.33107641339302063], [18.284216625090913, -69.19319040567916, -105.82146635827404]], [[-0.273802250623703, 0.9585936665534973, 0.07829763740301132, 0.0], [-0.20100048184394836, -0.13664206862449646, 0.9700143337249756, 0.0], [0.940548300743103, 0.24985423684120178, 0.2300906926393509, 0.0], [0.0, 0.0, 0.0, 1.0], [2.044851064682007, 0.0, -0.44542765617370605], [47.35803868582136, -70.14384345511822, -143.71730247741823]], [[-0.4196697473526001, 0.8777576088905334, 0.23112531006336212, 0.0], [-0.0327209010720253, -0.2690984308719635, 0.9625566601753235, 0.0], [0.9070869088172913, 0.3963932991027832, 0.14165349304676056, 0.0], [0.0, 0.0, 0.0, 1.0], [2.2824392318725586, 0.0, -0.5766085982322693], [-109.66464987970014, -114.89416372715289, 4.458230103354696]], [[-0.5256079435348511, 0.7567070722579956, 0.38875529170036316, 0.0], [0.15205726027488708, -0.3660461902618408, 0.918089747428894, 0.0], [0.837027370929718, 0.5416683554649353, 0.07733398675918579, 0.0], [0.0, 0.0, 0.0, 1.0], [2.5196235179901123, 0.0, -0.724590539932251], [-98.12520920150368, -123.17246228423507, -16.13504296123304]], [[-0.5854775905609131, 0.6035679578781128, 0.5412224531173706, 0.0], [0.3415115475654602, -0.42185452580451965, 0.8398860692977905, 0.0], [0.7352454662322998, 0.6765682101249695, 0.04086093232035637, 0.0], [0.0, 0.0, 0.0, 1.0], [2.7564048767089844, 0.0, -0.8893450498580933], [-93.45614652639632, -132.67203964605054, -30.255193777690657]], [[-0.5961471199989319, 0.42829275131225586, 0.6790978908538818, 0.0], [0.5237827301025391, -0.43357980251312256, 0.7332531213760376, 0.0], [0.6084901690483093, 0.7928265333175659, 0.03414499759674072, 0.0], [0.0, 0.0, 0.0, 1.0], [2.992783784866333, 0.0, -1.0708435773849487], [87.53394221407756, -37.48041035344568, 138.69703147518882]], [[-0.5575947165489197, 0.2419891208410263, 0.7940587997436523, 0.0], [0.6877109408378601, -0.4010693430900574, 0.6051421165466309, 0.0], [0.46491044759750366, 0.8835070133209229, 0.05721558630466461, 0.0], [0.0, 0.0, 0.0, 1.0], [3.2287609577178955, 0.0, -1.2690577507019043], [86.29472050239463, -27.704427188750838, 129.03507319604546]], [[-0.47281691431999207, 0.056201063096523285, 0.8793665766716003, 0.0], [0.8235015273094177, -0.3268859386444092, 0.4636709988117218, 0.0], [0.3135114014148712, 0.9433912038803101, 0.10827554017305374, 0.0], [0.0, 0.0, 0.0, 1.0], [3.464337110519409, 0.0, -1.4839589595794678], [83.45265829818482, -18.270971180742965, 119.86247065017685]], [[-0.3475559651851654, -0.1178058609366417, 0.9302293658256531, 0.0], [0.9232803583145142, -0.216069296002388, 0.31759628653526306, 0.0], [0.1635793000459671, 0.9692449569702148, 0.18386401236057281, 0.0], [0.0, 0.0, 0.0, 1.0], [3.6995129585266113, 0.0, -1.7155189514160156], [79.25872407231105, -9.414713115151713, 110.62814368477882]], [[-0.18986941874027252, -0.269719660282135, 0.9440343976020813, 0.0], [0.9815132021903992, -0.07575861364603043, 0.17576240003108978, 0.0], [0.02411215752363205, 0.9599541425704956, 0.2791176438331604, 0.0], [0.0, 0.0, 0.0, 1.0], [3.93428897857666, 0.0, -1.9637094736099243], [73.78760594334744, -1.3816587967994867, 100.94838593265841]], [[-0.009578313678503036, -0.39076951146125793, 0.9204387068748474, 0.0], [0.9952664375305176, 0.08529891073703766, 0.04657038673758507, 0.0], [-0.096710704267025, 0.9165278673171997, 0.38810276985168457, 0.0], [0.0, 0.0, 0.0, 1.0], [4.168665885925293, 0.0, -2.2285022735595703], [67.04982240261579, 5.54978952848429, 90.55139001579495]], [[0.1823694407939911, -0.47420138120651245, 0.8613213300704956, 0.0], [0.9643034338951111, 0.2573161721229553, -0.06250837445259094, 0.0], [-0.19199034571647644, 0.8419747352600098, 0.5042006373405457, 0.0], [0.0, 0.0, 0.0, 1.0], [4.402644634246826, 0.0, -2.50986909866333], [59.08551447186827, 11.068961026466706, 79.29068252743754]], [[0.3745773136615753, -0.5156147480010986, 0.7706058025360107, 0.0], [0.891017496585846, 0.43007317185401917, -0.14534392952919006, 0.0], [-0.25647541880607605, 0.7410658001899719, 0.6205174326896667, 0.0], [0.0, 0.0, 0.0, 1.0], [4.636226177215576, 0.0, -2.807781457901001], [50.059515106344804, 14.86102826591807, 67.19846780952278]], [[0.5558789968490601, -0.5131487250328064, 0.6539701223373413, 0.0], [0.7802132964134216, 0.5935272574424744, -0.19746536016464233, 0.0], [-0.2868199944496155, 0.6200030446052551, 0.7302948236465454, 0.0], [0.0, 0.0, 0.0, 1.0], [4.869410037994385, 0.0, -3.1222119331359863], [40.33047070917358, 16.667669650447095, 54.531246786141324]], [[0.7159784436225891, -0.46751371026039124, 0.5184648633003235, 0.0], [0.6387559175491333, 0.7383888363838196, -0.21627028286457062, 0.0], [-0.2817193269729614, 0.4860173463821411, 0.8272976279258728, 0.0], [0.0, 0.0, 0.0, 1.0], [5.102198123931885, 0.0, -3.453131914138794], [30.433205582934114, 16.36284684552589, 41.73755798008791]], [[0.8460128903388977, -0.3818737268447876, 0.3720681369304657, 0.0], [0.4751158356666565, 0.8566311597824097, -0.2011168748140335, 0.0], [-0.24192389845848083, 0.34692293405532837, 0.9061552286148071, 0.0], [0.0, 0.0, 0.0, 1.0], [5.334590435028076, 0.0, -3.800513505935669], [20.949421326027004, 14.00011792575746, 29.318310389618347]], [[0.9433304071426392, -0.2983434796333313, 0.14532355964183807, 0.0], [0.3187336325645447, 0.9364603161811829, -0.1464613527059555, 0.0], [-0.09239395707845688, 0.1844809502363205, 0.9784836173057556, 0.0], [0.0, 0.0, 0.0, 1.0], [5.512029647827148, 0.02732785977423191, -4.0422892570495605], [10.67707550774264, 5.301344812519662, 18.66914559614532]], [[0.984904408454895, -0.1594717800617218, -0.06732029467821121, 0.0], [0.16234569251537323, 0.9859392046928406, 0.039594534784555435, 0.0], [0.06005950644612312, -0.049925994127988815, 0.9969454407691956, 0.0], [0.0, 0.0, 0.0, 1.0], [5.62230920791626, 0.07962361723184586, -4.153628826141357], [-2.8669181163731383, -3.4432283476410697, 9.360123681984032]], [[0.9974799752235413, -0.03298051655292511, 0.06281702220439911, 0.0], [0.028396669775247574, 0.9969629049301147, 0.07251603901386261, 0.0], [-0.06501785665750504, -0.07054950296878815, 0.995387077331543, 0.0], [0.0, 0.0, 0.0, 1.0], [5.687777519226074, 0.12671813368797302, -4.15226411819458], [-4.054142024791578, 3.7278784022920552, 1.6306793830885122]], [[0.9888778328895569, 0.10686635971069336, 0.10344178229570389, 0.0], [-0.10822180658578873, 0.9940980076789856, 0.0075647663325071335, 0.0], [-0.10202284902334213, -0.018675286322832108, 0.9946067333221436, 0.0], [0.0, 0.0, 0.0, 1.0], [5.752625942230225, 0.17072196304798126, -4.1314921379089355], [-1.0756908679752453, 5.85566717074544, -6.245538210551176]], [[0.9637038707733154, 0.2417687326669693, 0.11323767155408859, 0.0], [-0.23894450068473816, 0.970285952091217, -0.03808853030204773, 0.0], [-0.1190815344452858, 0.00964854471385479, 0.9928376078605652, 0.0], [0.0, 0.0, 0.0, 1.0], [5.816958427429199, 0.2130931168794632, -4.116790771484375], [0.5567914716107388, 6.839098298011386, -13.925314547741127]], [[0.9241313338279724, 0.3696717619895935, 0.09656133502721786, 0.0], [-0.36697497963905334, 0.9291421175003052, -0.04499225318431854, 0.0], [-0.1063515692949295, 0.006143157370388508, 0.9943096041679382, 0.0], [0.0, 0.0, 0.0, 1.0], [5.882957935333252, 0.2534053325653076, -4.109310150146484], [0.3539868267320757, 6.105041646210838, -21.658157612800668]], [[0.8689416646957397, 0.48937278985977173, 0.07385534048080444, 0.0], [-0.4881530702114105, 0.8720563650131226, -0.03498907759785652, 0.0], [-0.08152872323989868, -0.005649241153150797, 0.9966549873352051, 0.0], [0.0, 0.0, 0.0, 1.0], [5.949652194976807, 0.292427122592926, -4.115932941436768], [-0.3247605273148705, 4.676442267618732, -29.326356352460625]], [[0.8059214353561401, 0.5911849737167358, 0.03147963434457779, 0.0], [-0.59084552526474, 0.8065325617790222, -0.02016824670135975, 0.0], [-0.03731251507997513, -0.002345578745007515, 0.9993008971214294, 0.0], [0.0, 0.0, 0.0, 1.0], [6.012811660766602, 0.3319385349750519, -4.128005027770996], [-0.13448553096326515, 2.1383461064761096, -36.246277132694416]], [[0.7299137115478516, 0.6833856701850891, -0.014491792768239975, 0.0], [-0.6832902431488037, 0.7300559878349304, 0.011517693288624287, 0.0], [0.018450846895575523, 0.0014951784396544099, 0.9998286366462708, 0.0], [0.0, 0.0, 0.0, 1.0], [6.073977470397949, 0.3706451654434204, -4.151202201843262], [0.08568203508484559, -1.0572156331571838, -43.11042258816589]], [[0.6854363679885864, 0.7266950607299805, 0.04572973772883415, 0.0], [-0.728093683719635, 0.6846955418586731, 0.03273610770702362, 0.0], [-0.007521777413785458, -0.0557340532541275, 0.998417317867279, 0.0], [0.0, 0.0, 0.0, 1.0], [6.123304843902588, 0.40232595801353455, -4.155151844024658], [-3.1950719937254624, 0.43097015567155383, -46.72853771606172]], [[0.6479242444038391, 0.7603484392166138, 0.045436110347509384, 0.0], [-0.7616616487503052, 0.6473686099052429, 0.02802525833249092, 0.0], [-0.008104951120913029, -0.05276518687605858, 0.9985740780830383, 0.0], [0.0, 0.0, 0.0, 1.0], [6.165896892547607, 0.4293266236782074, -4.13792085647583], [-3.024726648938521, 0.4643845616691669, -49.613117847854866]], [[0.6088308691978455, 0.7925142049789429, 0.03530169278383255, 0.0], [-0.7932978868484497, 0.6083296537399292, 0.02476838231086731, 0.0], [-0.0018457728438079357, -0.043084513396024704, 0.9990697503089905, 0.0], [0.0, 0.0, 0.0, 1.0], [6.206216335296631, 0.4564622938632965, -4.133327007293701], [-2.469329389692111, 0.10575505392101392, -52.49490784737206]], [[0.5725891590118408, 0.8196133375167847, 0.019382793456315994, 0.0], [-0.8198423981666565, 0.5724385976791382, 0.013134265318512917, 0.0], [-0.0003304399724584073, -0.023411374539136887, 0.999725878238678, 0.0], [0.0, 0.0, 0.0, 1.0], [6.242988109588623, 0.4832984507083893, -4.138671398162842], [-1.3414955769325192, 0.0189328158042859, -55.06902514553686]], [[0.5380371809005737, 0.8428946137428284, -0.006680660415440798, 0.0], [-0.842917263507843, 0.537993848323822, -0.007290254812687635, 0.0], [-0.002550762379541993, 0.00955367274582386, 0.9999511241912842, 0.0], [0.0, 0.0, 0.0, 1.0], [6.2744951248168945, 0.5084149837493896, -4.150096893310547], [0.547395212386064, 0.1461480789710619, -57.44975929773109]], [[0.5081840753555298, 0.8611816763877869, 0.01072736456990242, 0.0], [-0.8610652685165405, 0.5077796578407288, 0.026952648535370827, 0.0], [0.017763987183570862, -0.022933868691325188, 0.999579131603241, 0.0], [0.0, 0.0, 0.0, 1.0], [6.300644397735596, 0.5262075066566467, -4.160107612609863], [-1.3143365036367272, -1.0178550672393987, -59.45171506421851]], [[0.5067852735519409, 0.8610782027244568, 0.04138888791203499, 0.0], [-0.8619101643562317, 0.5070367455482483, 0.004955378361046314, 0.0], [-0.01671871915459633, -0.038184817880392075, 0.9991308450698853, 0.0], [0.0, 0.0, 0.0, 1.0], [6.323847770690918, 0.5413175225257874, -4.152501583099365], [-2.1886668848559436, 0.957956656095914, -59.54535695773938]], [[0.4871549606323242, 0.8728845119476318, 0.02743455581367016, 0.0], [-0.8732740879058838, 0.4871974587440491, 0.005565109197050333, 0.0], [-0.00850834883749485, -0.026668958365917206, 0.9996080994606018, 0.0], [0.0, 0.0, 0.0, 1.0], [6.344575881958008, 0.549521803855896, -4.145287036895752], [-1.528255253677176, 0.48749834870731323, -60.84508731527945]], [[0.46706104278564453, 0.8842175006866455, 0.003654966363683343, 0.0], [-0.8841986656188965, 0.4670111835002899, 0.009655085392296314, 0.0], [0.006830285768955946, -0.007741231005638838, 0.9999467134475708, 0.0], [0.0, 0.0, 0.0, 1.0], [6.36307954788208, 0.5583134889602661, -4.15056848526001], [-0.4435546458151701, -0.3913495889980586, -62.15560254151897]], [[0.46552324295043945, 0.8850354552268982, -0.0006068755174055696, 0.0], [-0.8849939703941345, 0.4654945433139801, -0.010027340613305569, 0.0], [-0.00859205424785614, 0.005205041263252497, 0.9999495148658752, 0.0], [0.0, 0.0, 0.0, 1.0], [6.3742756843566895, 0.5658121109008789, -4.156984806060791], [0.29823924961325476, 0.49229452888683733, -62.25479737883506]], [[0.47112900018692017, 0.8819228410720825, 0.015796540305018425, 0.0], [-0.8820638656616211, 0.4710718095302582, 0.007397376466542482, 0.0], [-0.0009173892904073, -0.017418675124645233, 0.9998478889465332, 0.0], [0.0, 0.0, 0.0, 1.0], [6.380136013031006, 0.5759508609771729, -4.153152942657471], [-0.9980674756053428, 0.05256254118094632, -61.892380711285014]], [[0.46869269013404846, 0.8832745552062988, 0.012378600426018238, 0.0], [-0.8833156228065491, 0.4684799909591675, 0.016732346266508102, 0.0], [0.008980128914117813, -0.018776539713144302, 0.9997833967208862, 0.0], [0.0, 0.0, 0.0, 1.0], [6.381968975067139, 0.5866190791130066, -4.1449480056762695], [-1.0759230944070257, -0.5145304231732254, -62.04930430746606]], [[0.46708163619041443, 0.8841820955276489, 0.007536628749221563, 0.0], [-0.8841953277587891, 0.46699902415275574, 0.010514740832149982, 0.0], [0.00577734736725688, -0.011575094424188137, 0.9999163150787354, 0.0], [0.0, 0.0, 0.0, 1.0], [6.382349014282227, 0.5929110050201416, -4.140789985656738], [-0.6632299379850441, -0.33101946187426157, -62.15446873011675]], [[0.46613407135009766, 0.8847139477729797, 0.0005298941978253424, 0.0], [-0.884705126285553, 0.46612653136253357, 0.004789086524397135, 0.0], [0.003989973571151495, -0.0027011565398424864, 0.9999883770942688, 0.0], [0.0, 0.0, 0.0, 1.0], [6.380770683288574, 0.5926740765571594, -4.139899253845215], [-0.15476628359973707, -0.22860925964552997, -62.21611801756528]], [[0.46377089619636536, 0.8859546780586243, -0.0009227363625541329, 0.0], [-0.8859162926673889, 0.4637405574321747, -0.009852016344666481, 0.0], [-0.008300529792904854, 0.005386545788496733, 0.9999510645866394, 0.0], [0.0, 0.0, 0.0, 1.0], [6.376873970031738, 0.5906169414520264, -4.1454033851623535], [0.30863845274843715, 0.47559076766304226, -62.36826048132731]], [[0.4646718204021454, 0.8854716420173645, 0.0044816285371780396, 0.0], [-0.8854365944862366, 0.4646933078765869, -0.007885291241109371, 0.0], [-0.009064785204827785, -0.00030412524938583374, 0.999958872795105, 0.0], [0.0, 0.0, 0.0, 1.0], [6.37739372253418, 0.5875315070152283, -4.1408538818359375], [-0.017425810269632625, 0.5193810314226981, -62.30978040165366]], [[0.46536552906036377, 0.8851139545440674, 0.0028689762111753225, 0.0], [-0.8850997686386108, 0.46537432074546814, -0.005018496885895729, 0.0], [-0.005777089390903711, -0.00020389462588354945, 0.9999833106994629, 0.0], [0.0, 0.0, 0.0, 1.0], [6.3775458335876465, 0.588586688041687, -4.137930870056152], [-0.01168249662914464, 0.33100468091801083, -62.26561639848036]], [[0.46532779932022095, 0.8851365447044373, 0.001831114524975419, 0.0], [-0.8851307034492493, 0.46533137559890747, -0.003213280811905861, 0.0], [-0.0036962672602385283, -0.00012554683780763298, 0.9999931454658508, 0.0], [0.0, 0.0, 0.0, 1.0], [6.377026557922363, 0.5895707011222839, -4.136067867279053], [-0.0071933531296271055, 0.2117809942117276, -62.26835530433754]], [[0.46534574031829834, 0.8851282596588135, 0.001160785206593573, 0.0], [-0.8851258754730225, 0.46534717082977295, -0.0020537949167191982, 0.0], [-0.0023580400738865137, -7.171632023528218e-05, 0.9999971985816956, 0.0], [0.0, 0.0, 0.0, 1.0], [6.376667499542236, 0.5901904702186584, -4.134876728057861], [-0.004109053727495239, 0.13510586421833304, -62.267317115583694]], [[0.46533772349357605, 0.885132908821106, 0.0007417497108690441, 0.0], [-0.8851319551467896, 0.4653383195400238, -0.001310930005274713, 0.0], [-0.001505511812865734, -4.652116695069708e-05, 0.9999988675117493, 0.0], [0.0, 0.0, 0.0, 1.0], [6.376455307006836, 0.5905780792236328, -4.134115695953369], [-0.0026654694424700746, 0.08625950623482902, -62.26788402128481]], [[0.4653456509113312, 0.885128915309906, 0.0004706361796706915, 0.0], [-0.8851284980773926, 0.4653458893299103, -0.0008368436247110367, 0.0], [-0.0009597230819053948, -2.7151969334227033e-05, 0.9999995231628418, 0.0], [0.0, 0.0, 0.0, 1.0], [6.376311302185059, 0.5908305644989014, -4.1336283683776855], [-0.0015556939778627553, 0.05498809209962727, -62.26739224766457]], [[0.4653446078300476, 0.8851295113563538, 0.0003007767372764647, 0.0], [-0.8851293921470642, 0.46534469723701477, -0.0005340625066310167, 0.0], [-0.0006126793450675905, -1.770320704963524e-05, 0.9999998211860657, 0.0], [0.0, 0.0, 0.0, 1.0], [6.376226902008057, 0.5909842252731323, -4.133316993713379], [-0.001014319256231177, 0.03510394400226565, -62.26746737974543]], [[0.4653477370738983, 0.8851279616355896, 0.00019131515000481158, 0.0], [-0.8851278424263, 0.4653477668762207, -0.0003398378612473607, 0.0], [-0.0003898280847351998, -1.1195591469004285e-05, 0.9999999403953552, 0.0], [0.0, 0.0, 0.0, 1.0], [6.3761701583862305, 0.5910871624946594, -4.13311767578125], [-0.0006414601924368228, 0.02233550399099518, -62.26726930425951]], [[0.46534690260887146, 0.885128378868103, 0.00012183046055724844, 0.0], [-0.885128378868103, 0.46534690260887146, -0.0002168667415389791, 0.0], [-0.00024864834267646074, -6.917323844390921e-06, 0.9999999403953552, 0.0], [0.0, 0.0, 0.0, 1.0], [6.376134872436523, 0.5911532044410706, -4.132989883422852], [-0.0003963334618088092, 0.014246500618283833, -62.267323945772866]], [[0.4653482735157013, 0.8851276636123657, 7.742908201180398e-05, 0.0], [-0.8851276636123657, 0.4653482735157013, -0.00013841973850503564, 0.0], [-0.0001585506252013147, -4.121233359910548e-06, 1.0, 0.0], [0.0, 0.0, 0.0, 1.0], [6.376110076904297, 0.5911980867385864, -4.132908344268799], [-0.0002361292779113942, 0.00908428166319588, -62.267235153313656]], [[0.46534785628318787, 0.8851279020309448, 4.9096888687927276e-05, 0.0], [-0.8851279020309448, 0.46534785628318787, -8.837287168717012e-05, 0.0], [-0.00010106842819368467, -2.332897111045895e-06, 1.0, 0.0], [0.0, 0.0, 0.0, 1.0], [6.376095771789551, 0.5912260413169861, -4.132856369018555], [-0.00013366515850119233, 0.00579079437751915, -62.267262474070336]], [[0.465348482131958, 0.8851275444030762, 3.101083711953834e-05, 0.0], [-0.8851275444030762, 0.4653485119342804, -5.647084253723733e-05, 0.0], [-6.441474397433922e-05, -1.1699266906362027e-06, 1.0, 0.0], [0.0, 0.0, 0.0, 1.0], [6.3760857582092285, 0.5912449359893799, -4.1328229904174805], [-6.703186171316194e-05, 0.003690692968145388, -62.26722149293531]], [[0.46534818410873413, 0.8851277232170105, 1.943533970916178e-05, 0.0], [-0.8851277232170105, 0.46534818410873413, -3.605406527640298e-05, 0.0], [-4.0956652810564265e-05, -4.250637175573502e-07, 1.0, 0.0], [0.0, 0.0, 0.0, 1.0], [6.376079559326172, 0.5912567973136902, -4.132801532745361], [-2.4354357040177033e-05, 0.0023466433490279535, -62.26724198350282]], [[0.46534860134124756, 0.8851274847984314, 1.2059294022037648e-05, 0.0], [-0.8851274847984314, 0.46534860134124756, -2.3043709006742574e-05, 0.0], [-2.6008396162069403e-05, 4.9345455721550024e-08, 1.0, 0.0], [0.0, 0.0, 0.0, 1.0], [6.376075744628906, 0.591265082359314, -4.132787704467773], [2.827286350994497e-06, 0.001490171331990825, -62.26721466274614]], [[0.465348482131958, 0.8851275444030762, 7.679576810915023e-06, 0.0], [-0.8851275444030762, 0.465348482131958, -1.4120611012913287e-05, 0.0], [-1.6072221114882268e-05, -2.2640014663011243e-07, 1.0, 0.0], [0.0, 0.0, 0.0, 1.0], [6.376073837280273, 0.5912706255912781, -4.132778644561768], [-1.2971772883048429e-05, 0.0009208704372838006, -62.26722149293531]], [[0.4653487205505371, 0.8851274251937866, 4.924194854538655e-06, 0.0], [-0.8851274251937866, 0.4653487205505371, -8.388847163587343e-06, 0.0], [-9.716666681924835e-06, -4.5480058474822727e-07, 1.0, 0.0], [0.0, 0.0, 0.0, 1.0], [6.376072883605957, 0.591275155544281, -4.132773399353027], [-2.6058154026155342e-05, 0.0005567239918096785, -62.26720783255698]], [[0.4653487205505371, 0.8851274251937866, 3.1329309422289953e-06, 0.0], [-0.8851274251937866, 0.4653487205505371, -4.735445145342965e-06, 0.0], [-5.649377726513194e-06, -5.694098490494071e-07, 1.0, 0.0], [0.0, 0.0, 0.0, 1.0], [6.376072406768799, 0.5912779569625854, -4.132769584655762], [-3.262478116371231e-05, 0.00032368550060441826, -62.26720783255698]], [[0.46534934639930725, 0.8851271271705627, 2.1616046979033854e-06, 0.0], [-0.8851271271705627, 0.46534934639930725, -2.027111804636661e-06, 0.0], [-2.800152969939518e-06, -9.69979737419635e-07, 1.0, 0.0], [0.0, 0.0, 0.0, 1.0], [6.376072883605957, 0.5912817120552063, -4.132767200469971], [-5.55757451673529e-05, 0.00016043694716855726, -62.267166851421955]], [[0.4653492271900177, 0.8851271867752075, 1.4292503465185291e-06, 0.0], [-0.8851271867752075, 0.4653492271900177, -5.870787163075875e-07, 0.0], [-1.1847398582176538e-06, -9.918716159518226e-07, 1.0, 0.0], [0.0, 0.0, 0.0, 1.0], [6.376073360443115, 0.5912836790084839, -4.132765769958496], [-5.68300574128603e-05, 6.78805936967991e-05, -62.267173681611126]], [[0.4653499722480774, 0.8851267695426941, 1.2289857522773673e-06, 0.0], [-0.8851267695426941, 0.4653499722480774, 1.0095303650814458e-06, 0.0], [3.2165388574867393e-07, -1.5575931229250273e-06, 1.0, 0.0], [0.0, 0.0, 0.0, 1.0], [6.376074314117432, 0.5912868976593018, -4.13276481628418], [-8.924351214220569e-05, -1.8429410117382193e-05, -62.26712587028693]], [[0.46534988284111023, 0.8851268291473389, 9.08075264760555e-07, 0.0], [-0.8851268291473389, 0.46534988284111023, 1.3101889635436237e-06, 0.0], [7.371106676146155e-07, -1.4134579942037817e-06, 1.0, 0.0], [0.0, 0.0, 0.0, 1.0], [6.376075744628906, 0.5912884473800659, -4.1327643394470215], [-8.098517758690347e-05, -4.223333028838792e-05, -62.267132700476104]], [[0.46535059809684753, 0.8851264119148254, 9.425377811567159e-07, 0.0], [-0.8851264119148254, 0.46535059809684753, 2.1988289518048987e-06, 0.0], [1.5076311683515087e-06, -1.8574914975033607e-06, 1.0, 0.0], [0.0, 0.0, 0.0, 1.0], [6.376076698303223, 0.5912912487983704, -4.132763862609863], [-0.00010642642328837766, -8.638090300891873e-05, -62.26708488915192]], [[0.46535050868988037, 0.8851264715194702, 3.917149058452196e-07, 0.0], [-0.8851264715194702, 0.46535050868988037, 1.615329779269814e-06, 0.0], [1.2474864661271567e-06, -1.0984117579937447e-06, 1.0, 0.0], [0.0, 0.0, 0.0, 1.0], [6.376077651977539, 0.5912923216819763, -4.132763385772705], [-6.293435790058673e-05, -7.147570950877582e-05, -62.26709171934108]], [[0.46535125374794006, 0.8851261138916016, 4.447316825917369e-07, 0.0], [-0.8851261138916016, 0.46535125374794006, 2.19041407945042e-06, 0.0], [1.7318361642537639e-06, -1.4129554983810522e-06, 1.0, 0.0], [0.0, 0.0, 0.0, 1.0], [6.3760786056518555, 0.5912950038909912, -4.132763385772705], [-8.095638669703811e-05, -9.922690301986588e-05, -62.267043908016895]], [[0.46535101532936096, 0.8851262331008911, 8.080095703633106e-09, 0.0], [-0.8851262331008911, 0.46535101532936096, 1.4654600590802147e-06, 0.0], [1.2933570587847498e-06, -6.891052635182859e-07, 1.0, 0.0], [0.0, 0.0, 0.0, 1.0], [6.37608003616333, 0.5912958979606628, -4.132763385772705], [-3.9482823239848205e-05, -7.410390087181968e-05, -62.26705756839523]], [[0.46535176038742065, 0.8851258158683777, 2.4255155040009413e-07, 0.0], [-0.8851258158683777, 0.46535176038742065, 2.1601254047709517e-06, 0.0], [1.7991110325965565e-06, -1.2199068351037567e-06, 1.0, 0.0], [0.0, 0.0, 0.0, 1.0], [6.3760809898376465, 0.5912985801696777, -4.132763385772705], [-6.989551305060692e-05, -0.00010308146904320617, -62.267009757071044]]]}, {"frame_count": 52, "end_rotation": [-1.3960157048131805e-06, -8.159614139913174e-07, -0.8427209854125977], "angle_change": [0, 0, -48.28435578537741], "result": 1, "data": [[[0.9908111691474915, 0.06023992970585823, -0.12109661847352982, 0.0], [-0.05956107750535011, 0.9981820583343506, 0.00922105461359024, 0.0], [0.12143195420503616, -0.0019236785592511296, 0.9925978779792786, 0.0], [0.0, 0.0, 0.0, 1.0], [0.25925928354263306, 0.0, 0.0], [-0.11104045974005342, -6.974751831343363, -3.4401071646337855]], [[0.9263233542442322, 0.1725630760192871, -0.33488357067108154, 0.0], [-0.1604846715927124, 0.9849846959114075, 0.06363793462514877, 0.0], [0.340836763381958, -0.005205624736845493, 0.940108060836792, 0.0], [0.0, 0.0, 0.0, 1.0], [0.7407408356666565, 0.0, 0.0], [-0.317258498326537, -19.927862375266752, -9.828877003401068]], [[0.8045109510421753, 0.28025534749031067, -0.523659348487854, 0.0], [-0.24440069496631622, 0.9597781896591187, 0.13818132877349854, 0.0], [0.5413228869438171, 0.01681431569159031, 0.8406466841697693, 0.0], [0.0, 0.0, 0.0, 1.0], [1.2216086387634277, 0.0, -0.012769819237291813], [1.145856974431963, -32.77373724167365, -16.898147553800005]], [[0.6337742209434509, 0.37651705741882324, -0.6756960153579712, 0.0], [-0.30616259574890137, 0.9243025183677673, 0.22788015007972717, 0.0], [0.7103483080863953, 0.06244828179478645, 0.7010745406150818, 0.0], [0.0, 0.0, 0.0, 1.0], [1.7016592025756836, 0.0, -0.042541950941085815], [5.090192929423302, -45.26326064851347, -25.784180975304285]], [[0.42533716559410095, 0.4555252194404602, -0.7820390462875366, 0.0], [-0.3422262370586395, 0.8808910846710205, 0.32697418332099915, 0.0], [0.8378362059593201, 0.12856000661849976, 0.5305683612823486, 0.0], [0.0, 0.0, 0.0, 1.0], [2.180893898010254, 0.0, -0.08928749710321426], [13.620607002262163, -56.912329277983225, -38.82015195914368]], [[0.19250288605690002, 0.5126460790634155, -0.8367416858673096, 0.0], [-0.35070720314979553, 0.8323155641555786, 0.42924970388412476, 0.0], [0.9164862632751465, 0.21081951260566711, 0.3400118052959442, 0.0], [0.0, 0.0, 0.0, 1.0], [2.6593141555786133, 0.0, -0.1529776155948639], [31.800397718906396, -66.41768839493112, -61.23765243782593]], [[-0.05022021010518074, 0.544680655002594, -0.8371385335922241, 0.0], [-0.3314455449581146, 0.7816039323806763, 0.5284308195114136, 0.0], [0.942136824131012, 0.3040037453174591, 0.1412796527147293, 0.0], [0.0, 0.0, 0.0, 1.0], [3.1369214057922363, 0.0, -0.2335834950208664], [65.07429263802716, -70.41356079525285, -98.61584901034237]], [[-0.28803884983062744, 0.5500186681747437, -0.7839088439941406, 0.0], [-0.2859645485877991, 0.7318477630615234, 0.6185653805732727, 0.0], [0.9139244556427002, 0.40234100818634033, -0.05351473391056061, 0.0], [0.0, 0.0, 0.0, 1.0], [3.6137168407440186, 0.0, -0.33107641339302063], [-82.42364931858738, -113.94655694208366, 44.79295089773932]], [[-0.5067719221115112, 0.5286862254142761, -0.6809354424476624, 0.0], [-0.2173279970884323, 0.6860148906707764, 0.69437175989151, 0.0], [0.8342366218566895, 0.49987444281578064, -0.23275475203990936, 0.0], [0.0, 0.0, 0.0, 1.0], [4.089702129364014, 0.0, -0.44542765617370605], [-65.03206840857814, -123.46356494666101, 23.211964177276037]], [[-0.6936795115470886, 0.4822952449321747, -0.5349766612052917, 0.0], [-0.1299109160900116, 0.6467758417129517, 0.7515345215797424, 0.0], [0.7084715366363525, 0.5908234119415283, -0.38599973917007446, 0.0], [0.0, 0.0, 0.0, 1.0], [4.564878463745117, 0.0, -0.5766085982322693], [-56.8424086314498, -134.88931029593343, 10.607367450847136]], [[-0.8381721377372742, 0.4139011800289154, -0.35518065094947815, 0.0], [-0.029102131724357605, 0.616354763507843, 0.7869306802749634, 0.0], [0.5446287989616394, 0.6699198484420776, -0.504565954208374, 0.0], [0.0, 0.0, 0.0, 1.0], [5.039247035980225, 0.0, -0.724590539932251], [-53.01390660164465, -147.00069735484843, 1.9885649671761958]], [[-0.9323687553405762, 0.3277795612812042, -0.1524764448404312, 0.0], [0.07904292643070221, 0.5964124798774719, 0.7987768054008484, 0.0], [0.35276156663894653, 0.732702374458313, -0.5819849967956543, 0.0], [0.0, 0.0, 0.0, 1.0], [5.512809753417969, 0.0, -0.8893450498580933], [-51.539907382526295, -159.3436824681402, -4.845746862330892]], [[-0.9714727401733398, 0.22914116084575653, 0.0611148439347744, 0.0], [0.1881740689277649, 0.5879666209220886, 0.7866929173469543, 0.0], [0.1443302482366562, 0.775750994682312, -0.6143119931221008, 0.0], [0.0, 0.0, 0.0, 1.0], [5.985567569732666, 0.0, -1.0708435773849487], [-51.62453342634275, -171.70150275230927, -10.962423735792846]], [[-0.9539557099342346, 0.12380436807870865, 0.2732050120830536, 0.0], [0.2920212149620056, 0.5913525223731995, 0.7516819834709167, 0.0], [-0.06849896162748337, 0.7968530058860779, -0.6002776026725769, 0.0], [0.0, 0.0, 0.0, 1.0], [6.457521915435791, 0.0, -1.2690577507019043], [-53.0089069031722, 176.07222276447047, -17.020194496531673]], [[-0.8815470933914185, 0.01784268580377102, 0.47175878286361694, 0.0], [0.3847501575946808, 0.606224536895752, 0.6960309743881226, 0.0], [-0.273572713136673, 0.7950933575630188, -0.5412804484367371, 0.0], [0.0, 0.0, 0.0, 1.0], [6.928674221038818, 0.0, -1.4839589595794678], [-55.753905289086966, 164.1230253775866, -23.57880509986096]], [[-0.7590381503105164, -0.08276496082544327, 0.6457639336585999, 0.0], [0.4612804353237152, 0.6315955519676208, 0.623143196105957, 0.0], [-0.4594360589981079, 0.7708677053451538, -0.4412272274494171, 0.0], [0.0, 0.0, 0.0, 1.0], [7.399025917053223, 0.0, -1.7155189514160156], [-60.214155420888694, 152.64927745882733, -31.28776470094026]], [[-0.5995286703109741, -0.11293625831604004, 0.7923451066017151, 0.0], [0.5441520810127258, 0.6684593558311462, 0.5070114135742188, 0.0], [-0.5869104862213135, 0.7351241111755371, -0.3393060564994812, 0.0], [0.0, 0.0, 0.0, 1.0], [7.628733158111572, 0.07380683720111847, -1.8868845701217651], [-65.22370302612119, 144.0619265021804, -42.2279245813598]], [[-0.4168896973133087, -0.07235639542341232, 0.9060725569725037, 0.0], [0.6221360564231873, 0.7040316462516785, 0.3424707055091858, 0.0], [-0.6626836657524109, 0.7064729332923889, -0.24848800897598267, 0.0], [0.0, 0.0, 0.0, 1.0], [7.618408679962158, 0.2212323397397995, -1.9982231855392456], [-70.62167665926313, 138.49513108332326, -56.17419414947453]], [[-0.2163887619972229, -0.02310853637754917, 0.9760337471961975, 0.0], [0.6628559827804565, 0.7305088639259338, 0.16425208747386932, 0.0], [-0.7167969346046448, 0.6825121641159058, -0.14275626838207245, 0.0], [0.0, 0.0, 0.0, 1.0], [7.608102321624756, 0.36840730905532837, -2.126396656036377], [101.81383920239072, 45.79065712037059, 108.07922636955678]], [[-0.007859713397920132, 0.03233639895915985, 0.9994461536407471, 0.0], [0.6648455262184143, 0.7467409372329712, -0.018931902945041656, 0.0], [-0.7469395399093628, 0.6643284559249878, -0.027367880567908287, 0.0], [0.0, 0.0, 0.0, 1.0], [7.597813129425049, 0.5153321623802185, -2.271376371383667], [92.35904056077385, 48.32596186857679, 90.67731138333332]], [[0.19869492948055267, 0.09126634895801544, 0.9758026599884033, 0.0], [0.6285128593444824, 0.7520904541015625, -0.19832172989845276, 0.0], [-0.7519919872283936, 0.6527100205421448, 0.09207449853420258, 0.0], [0.0, 0.0, 0.0, 1.0], [7.587541580200195, 0.6620072722434998, -2.433133602142334], [81.97055505961623, 48.76322374905184, 72.45642939486864]], [[0.3935806453227997, 0.1508629322052002, 0.9068266749382019, 0.0], [0.5560652613639832, 0.7464469075202942, -0.36552485823631287, 0.0], [-0.732042133808136, 0.6481183171272278, 0.20989744365215302, 0.0], [0.0, 0.0, 0.0, 1.0], [7.577287673950195, 0.8084331750869751, -2.611639976501465], [72.0551079698062, 47.057868947272226, 54.7092995725198]], [[0.5776984691619873, 0.1752336323261261, 0.7972186803817749, 0.0], [0.46935948729515076, 0.7277498841285706, -0.5000817775726318, 0.0], [-0.6678069829940796, 0.6630786061286926, 0.33817243576049805, 0.0], [0.0, 0.0, 0.0, 1.0], [7.556976795196533, 0.9539824724197388, -2.8018691539764404], [62.97825784591198, 41.898029859542774, 39.09263211079759]], [[0.7424929738044739, 0.15961623191833496, 0.6505588889122009, 0.0], [0.37514665722846985, 0.7055145502090454, -0.6012604832649231, 0.0], [-0.5549497008323669, 0.6904866695404053, 0.46396011114120483, 0.0], [0.0, 0.0, 0.0, 1.0], [7.526634693145752, 1.0986573696136475, -3.003805637359619], [56.10158240840812, 33.70724993139056, 26.80531645433599]], [[0.8704715967178345, 0.13673877716064453, 0.4728442132472992, 0.0], [0.26106739044189453, 0.6861280202865601, -0.6790229082107544, 0.0], [-0.4172804355621338, 0.714514434337616, 0.5615569353103638, 0.0], [0.0, 0.0, 0.0, 1.0], [7.496344566345215, 1.243086338043213, -3.2224228382110596], [51.83520036600804, 24.663008838141273, 16.694770133526415]], [[0.9559422731399536, 0.10779821127653122, 0.2730455696582794, 0.0], [0.13287942111492157, 0.6704880595207214, -0.7299238443374634, 0.0], [-0.2617582678794861, 0.7340472340583801, 0.6266236901283264, 0.0], [0.0, 0.0, 0.0, 1.0], [7.4661054611206055, 1.3872698545455933, -3.4576923847198486], [49.5140766897951, 15.174417835605766, 7.9136108516330985]], [[0.9953718781471252, 0.074256531894207, 0.06099823862314224, 0.0], [-0.003107902593910694, 0.6592933535575867, -0.7518793940544128, 0.0], [-0.09604769200086594, 0.7482100129127502, 0.6564728617668152, 0.0], [0.0, 0.0, 0.0, 1.0], [7.43591833114624, 1.5312083959579468, -3.7095861434936523], [48.73657235091045, 5.511623712062728, -0.17889707513312766]], [[0.9874899983406067, 0.037762392312288284, -0.15309295058250427, 0.0], [-0.1403508484363556, 0.6530166864395142, -0.7442249655723572, 0.0], [0.07186853885650635, 0.7564014792442322, 0.6501474976539612, 0.0], [0.0, 0.0, 0.0, 1.0], [7.4057817459106445, 1.6749022006988525, -3.9780759811401367], [49.320051506042546, -4.121316935278653, -8.089206477457664]], [[0.9762468338012695, 0.18028923869132996, -0.12015761435031891, 0.0], [-0.21077276766300201, 0.6618645787239075, -0.7193817496299744, 0.0], [-0.050168726593256, 0.7276201248168945, 0.6841432452201843, 0.0], [0.0, 0.0, 0.0, 1.0], [7.369182586669922, 1.7899307012557983, -4.018528461456299], [46.763931756340725, 2.875663533275105, -12.183219304642368]], [[0.9588693380355835, 0.1840784251689911, -0.216066375374794, 0.0], [-0.2827870547771454, 0.6852591037750244, -0.6711568236351013, 0.0], [0.024515964090824127, 0.7046524882316589, 0.7091289162635803, 0.0], [0.0, 0.0, 0.0, 1.0], [7.3400444984436035, 1.9023644924163818, -4.009559631347656], [44.818584597694375, -1.4048020390284286, -16.431693444812325]], [[0.9505752921104431, 0.228515163064003, -0.2102080136537552, 0.0], [-0.3098614811897278, 0.7413674592971802, -0.5952816009521484, 0.0], [0.019810518249869347, 0.6309953331947327, 0.7755336165428162, 0.0], [0.0, 0.0, 0.0, 1.0], [7.307345867156982, 1.9988925457000732, -3.9853827953338623], [39.13274239669848, -1.1351333639916314, -18.054548099154648]], [[0.9415679574012756, 0.2717834711074829, -0.19895613193511963, 0.0], [-0.3363725543022156, 0.7892787456512451, -0.5137047171592712, 0.0], [0.017415398731827736, 0.5506112575531006, 0.8345800638198853, 0.0], [0.0, 0.0, 0.0, 1.0], [7.274962902069092, 2.0950369834899902, -3.9775896072387695], [33.4146924386714, -0.9978793252380501, -19.659128582372603]], [[0.9327886700630188, 0.3130720257759094, -0.17858095467090607, 0.0], [-0.3601008951663971, 0.8304813504219055, -0.42500361800193787, 0.0], [0.015251399949193, 0.4607457220554352, 0.8874011039733887, 0.0], [0.0, 0.0, 0.0, 1.0], [7.243919372558594, 2.189980983734131, -3.9835317134857178], [27.43869867909149, -0.8738747328963827, -21.108964299754746]], [[0.9248337149620056, 0.3505910336971283, -0.14754150807857513, 0.0], [-0.38016772270202637, 0.8646673560142517, -0.32836392521858215, 0.0], [0.012452884577214718, 0.35977253317832947, 0.9329569339752197, 0.0], [0.0, 0.0, 0.0, 1.0], [7.214578151702881, 2.2835588455200195, -4.002401351928711], [21.087940977489446, -0.713516191893058, -22.345897898065715]], [[0.9180363416671753, 0.38217952847480774, -0.10558457672595978, 0.0], [-0.39640435576438904, 0.8904163241386414, -0.22365686297416687, 0.0], [0.008537154644727707, 0.247179314494133, 0.9689321517944336, 0.0], [0.0, 0.0, 0.0, 1.0], [7.186982154846191, 2.375869035720825, -4.034211158752441], [14.311193768863813, -0.4891488532480762, -23.354489734686695]], [[0.9125238060951233, 0.4055313766002655, -0.053334690630435944, 0.0], [-0.40901169180870056, 0.9057005643844604, -0.11142685264348984, 0.0], [0.0031181739177554846, 0.12349416315555573, 0.9923403859138489, 0.0], [0.0, 0.0, 0.0, 1.0], [7.1609954833984375, 2.467078685760498, -4.079340934753418], [7.093838740843474, -0.17865849875985323, -24.142891640392097]], [[0.9086238741874695, 0.41760629415512085, 0.002760595176368952, 0.0], [-0.41761070489883423, 0.9085624814033508, 0.010746652260422707, 0.0], [0.0019796963315457106, -0.010917519219219685, 0.999938428401947, 0.0], [0.0, 0.0, 0.0, 1.0], [7.1366682052612305, 2.557278633117676, -4.137754440307617], [-0.6255414343925898, -0.11342832455638029, -24.68388531133942]], [[0.8691932559013367, 0.4941938519477844, 0.016598613932728767, 0.0], [-0.494127482175827, 0.8693510293960571, -0.00817345641553402, 0.0], [-0.018469294533133507, -0.0010975183686241508, 0.9998288154602051, 0.0], [0.0, 0.0, 0.0, 1.0], [7.136321544647217, 2.629791021347046, -4.150854110717773], [-0.06289390933189141, 1.0582728183746548, -29.617786863966728]], [[0.8157470226287842, 0.5777854919433594, -0.026845723390579224, 0.0], [-0.5780252814292908, 0.8160175085067749, -0.0014653444522991776, 0.0], [0.021059926599264145, 0.016712859272956848, 0.9996384978294373, 0.0], [0.0, 0.0, 0.0, 1.0], [7.137978553771973, 2.695615291595459, -4.163513660430908], [0.9578332858040306, -1.2067341303391694, -35.320776254873934]], [[0.7918522357940674, 0.6104289889335632, 0.01861373893916607, 0.0], [-0.6106892824172974, 0.7911866903305054, 0.03289739042520523, 0.0], [0.005354580003768206, -0.037417083978652954, 0.99928539991