{"count": 21, "forces": [0.5, 1.0, 1.5], "animations": [[{"frame_count": 45, "end_rotation": [0.3720214068889618, 0.0421118438243866, 0.2544523775577545], "data": [[[0.9977653622627258, -0.06456582993268967, 0.01719154603779316, 0.0], [0.06591737270355225, 0.9932565689086914, -0.095374695956707, 0.0], [-0.010917669162154198, 0.09629479050636292, 0.9952929615974426, 0.0], [0.0, 0.0, 0.0, 1.0], [0.12962964177131653, 0.0, 0.0]], [[0.9818117022514343, -0.1719636619091034, 0.08046318590641022, 0.0], [0.18727807700634003, 0.9468177556991577, -0.2616545557975769, 0.0], [-0.031188899651169777, 0.27196449041366577, 0.9618017077445984, 0.0], [0.0, 0.0, 0.0, 1.0], [0.37037041783332825, 0.0, 0.0]], [[0.9512313008308411, -0.26368191838264465, 0.16009658575057983, 0.0], [0.3070877194404602, 0.8586578965187073, -0.4103702902793884, 0.0], [-0.029260974377393723, 0.4395207464694977, 0.8977556824684143, 0.0], [0.0, 0.0, 0.0, 1.0], [0.6108043193817139, 0.0, -0.012769819237291813]], [[0.9076234102249146, -0.33560097217559814, 0.2521740794181824, 0.0], [0.4197496771812439, 0.7333825826644897, -0.5347524881362915, 0.0], [-0.005476599093526602, 0.5912038683891296, 0.8065035343170166, 0.0], [0.0, 0.0, 0.0, 1.0], [0.8508296012878418, 0.0, -0.042541950941085815]], [[0.8531367778778076, -0.3847130537033081, 0.3523542582988739, 0.0], [0.5202423930168152, 0.5771604180335999, -0.629470944404602, 0.0], [0.03880074992775917, 0.7203344702720642, 0.6925408244132996, 0.0], [0.0, 0.0, 0.0, 1.0], [1.090446949005127, 0.0, -0.08928749710321426]], [[0.7903648018836975, -0.4091041088104248, 0.4560234248638153, 0.0], [0.6042013764381409, 0.39742395281791687, -0.6906481385231018, 0.0], [0.10131236910820007, 0.8213939666748047, 0.5612911581993103, 0.0], [0.0, 0.0, 0.0, 1.0], [1.3296570777893066, 0.0, -0.1529776155948639]], [[0.7222151160240173, -0.4080072343349457, 0.5585117936134338, 0.0], [0.6680961847305298, 0.20249608159065247, -0.7159907817840576, 0.0], [0.17903296649456024, 0.8902390003204346, 0.41883379220962524, 0.0], [0.0, 0.0, 0.0, 1.0], [1.5684607028961182, 0.0, -0.2335834950208664]], [[0.6517712473869324, -0.3818018436431885, 0.6553026437759399, 0.0], [0.7093619108200073, 0.0011940553085878491, -0.7048434615135193, 0.0], [0.26832807064056396, 0.9242434501647949, 0.2716139256954193, 0.0], [0.0, 0.0, 0.0, 1.0], [1.8068584203720093, 0.0, -0.33107641339302063]], [[0.5821511149406433, -0.3319627642631531, 0.7422269582748413, 0.0], [0.7264833450317383, -0.1975748986005783, -0.6581687331199646, 0.0], [0.3651329278945923, 0.9223691821098328, 0.12614698708057404, 0.0], [0.0, 0.0, 0.0, 1.0], [2.044851064682007, 0.0, -0.44542765617370605]], [[0.5163691639900208, -0.26096293330192566, 0.8156354427337646, 0.0], [0.7190302014350891, -0.3852061629295349, -0.5784564018249512, 0.0], [0.46514350175857544, 0.8851635456085205, -0.01126835960894823, 0.0], [0.0, 0.0, 0.0, 1.0], [2.2824392318725586, 0.0, -0.5766085982322693]], [[0.45720937848091125, -0.17213545739650726, 0.8725416660308838, 0.0], [0.6876426935195923, -0.553761899471283, -0.46956926584243774, 0.0], [0.5640098452568054, 0.8146883845329285, -0.134817436337471, 0.0], [0.0, 0.0, 0.0, 1.0], [2.5196235179901123, 0.0, -0.724590539932251]], [[0.4071119427680969, -0.06950510293245316, 0.9107298851013184, 0.0], [0.6339720487594604, -0.6962922215461731, -0.33653607964515686, 0.0], [0.6575251221656799, 0.7143851518630981, -0.2394046038389206, 0.0], [0.0, 0.0, 0.0, 1.0], [2.7564048767089844, 0.0, -0.8893450498580933]], [[0.36807966232299805, 0.0424048937857151, 0.9288268089294434, 0.0], [0.5605796575546265, -0.8071021437644958, -0.18530137836933136, 0.0], [0.7418003678321838, 0.5888870358467102, -0.3208491802215576, 0.0], [0.0, 0.0, 0.0, 1.0], [2.992783784866333, 0.0, -1.0708435773849487]], [[0.3416067957878113, 0.15877708792686462, 0.9263339638710022, 0.0], [0.47080138325691223, -0.8819535970687866, -0.022448629140853882, 0.0], [0.8134192228317261, 0.44378790259361267, -0.37603381276130676, 0.0], [0.0, 0.0, 0.0, 1.0], [3.2287609577178955, 0.0, -1.2690577507019043]], [[0.32863107323646545, 0.27471354603767395, 0.9036227464675903, 0.0], [0.3685845732688904, -0.9182004332542419, 0.14509788155555725, 0.0], [0.8695671558380127, 0.28537774085998535, -0.40300437808036804, 0.0], [0.0, 0.0, 0.0, 1.0], [3.464337110519409, 0.0, -1.4839589595794678]], [[0.3295125961303711, 0.38543930649757385, 0.8618921041488647, 0.0], [0.2583058476448059, -0.9148495197296143, 0.31036823987960815, 0.0], [0.9081296920776367, 0.12036152184009552, -0.40101566910743713, 0.0], [0.0, 0.0, 0.0, 1.0], [3.6995129585266113, 0.0, -1.7155189514160156]], [[0.3440348207950592, 0.4864957630634308, 0.8030952215194702, 0.0], [0.14457747340202332, -0.8725525140762329, 0.4666363596916199, 0.0], [0.9277593493461609, -0.04442967474460602, -0.3705247640609741, 0.0], [0.0, 0.0, 0.0, 1.0], [3.93428897857666, 0.0, -1.9637094736099243]], [[0.3714323043823242, 0.5739139318466187, 0.7298362255096436, 0.0], [0.032052621245384216, -0.7935293316841125, 0.60768723487854, 0.0], [0.9279066324234009, -0.20232151448726654, -0.31313785910606384, 0.0], [0.0, 0.0, 0.0, 1.0], [4.168665885925293, 0.0, -2.2285022735595703]], [[0.41043707728385925, 0.6443595290184021, 0.6452458500862122, 0.0], [-0.0747644379734993, -0.681431770324707, 0.7280529141426086, 0.0], [0.9088188409805298, -0.3470613658428192, -0.23150968551635742, 0.0], [0.0, 0.0, 0.0, 1.0], [4.402644634246826, 0.0, -2.50986909866333]], [[0.3764457702636719, 0.6964312791824341, 0.6109599471092224, 0.0], [-0.12928596138954163, -0.6135274767875671, 0.7790181040763855, 0.0], [0.9173732995986938, -0.3722466230392456, -0.14092102646827698, 0.0], [0.0, 0.0, 0.0, 1.0], [4.587201118469238, -0.041082706302404404, -2.679856061935425]], [[0.2568724453449249, 0.7380737662315369, 0.6239099502563477, 0.0], [-0.1408640295267105, -0.6100845336914062, 0.7797141671180725, 0.0], [0.9561244249343872, -0.2881735861301422, -0.05274585634469986, 0.0], [0.0, 0.0, 0.0, 1.0], [4.721485137939453, -0.12280886620283127, -2.7367000579833984]], [[0.13072888553142548, 0.7710810899734497, 0.6231724619865417, 0.0], [-0.1563669741153717, -0.6046631932258606, 0.7809813022613525, 0.0], [0.9790093898773193, -0.1995404064655304, 0.04152466356754303, 0.0], [0.0, 0.0, 0.0, 1.0], [4.854145050048828, -0.20392048358917236, -2.807520866394043]], [[0.06238052248954773, 0.7393076419830322, 0.6704721450805664, 0.0], [-0.06350105255842209, -0.667479395866394, 0.7419157028198242, 0.0], [0.9960302710533142, -0.0888567790389061, 0.00530910212546587, 0.0], [0.0, 0.0, 0.0, 1.0], [4.966509819030762, -0.2780781090259552, -2.852768898010254]], [[-0.01822631247341633, 0.7027826905250549, 0.7111710906028748, 0.0], [0.03002651035785675, -0.7105836868286133, 0.7029717564582825, 0.0], [0.9993829131126404, 0.03416656702756882, -0.008150791749358177, 0.0], [0.0, 0.0, 0.0, 1.0], [5.075740337371826, -0.34861594438552856, -2.905827045440674]], [[-0.014183703809976578, 0.7067391276359558, 0.7073320150375366, 0.0], [-0.04558621719479561, -0.7071247100830078, 0.7056178450584412, 0.0], [0.998859703540802, -0.02223631553351879, 0.04224720969796181, 0.0], [0.0, 0.0, 0.0, 1.0], [5.162416458129883, -0.40625229477882385, -2.923379898071289]], [[0.04192366823554039, 0.6877133250236511, 0.7247708439826965, 0.0], [-0.03637606278061867, -0.7238770723342896, 0.6889693737030029, 0.0], [0.9984583854675293, -0.0552484355866909, -0.005331277847290039, 0.0], [0.0, 0.0, 0.0, 1.0], [5.228969097137451, -0.45165857672691345, -2.900254964828491]], [[0.04479621723294258, 0.6903240084648132, 0.722112238407135, 0.0], [-0.04931214079260826, -0.7204287052154541, 0.6917736530303955, 0.0], [0.9977783560752869, -0.06659774482250214, 0.0017688724910840392, 0.0], [0.0, 0.0, 0.0, 1.0], [5.293753623962402, -0.48975127935409546, -2.878528594970703]], [[0.04737872630357742, 0.6894383430480957, 0.7227932214736938, 0.0], [-0.05109012499451637, -0.7209861278533936, 0.6910635828971863, 0.0], [0.9975695610046387, -0.06966930627822876, 0.0010640873806551099, 0.0], [0.0, 0.0, 0.0, 1.0], [5.355020523071289, -0.5259903073310852, -2.8661434650421143]], [[0.04353012889623642, 0.6884077191352844, 0.724016547203064, 0.0], [-0.04658254608511925, -0.7225167155265808, 0.6897823214530945, 0.0], [0.9979655146598816, -0.06375284492969513, 0.000616538105532527, 0.0], [0.0, 0.0, 0.0, 1.0], [5.412464141845703, -0.559826672077179, -2.861997127532959]], [[0.032475538551807404, 0.6870824098587036, 0.7258533835411072, 0.0], [-0.034715455025434494, -0.7250227928161621, 0.6878494024276733, 0.0], [0.9988694787025452, -0.04753660783171654, 0.0003068710211664438, 0.0], [0.0, 0.0, 0.0, 1.0], [5.465672969818115, -0.5908867716789246, -2.8649535179138184]], [[0.013598614372313023, 0.6850799322128296, 0.7283409833908081, 0.0], [-0.01461693737655878, -0.7281942963600159, 0.6852148771286011, 0.0], [0.9998006820678711, -0.01996408775448799, 0.00011133697989862412, 0.0], [0.0, 0.0, 0.0, 1.0], [5.514538288116455, -0.6189748048782349, -2.874580144882202]], [[-0.013540173880755901, 0.6817268133163452, 0.7314815521240234, 0.0], [0.014511538669466972, -0.7313376069068909, 0.6818612217903137, 0.0], [0.9998030066490173, 0.0198474433273077, 9.533479897072539e-06, 0.0], [0.0, 0.0, 0.0, 1.0], [5.559192657470703, -0.6440587639808655, -2.891026735305786]], [[0.030055837705731392, 0.6761397123336792, 0.736160159111023, 0.0], [0.0006045079207979143, -0.7365050315856934, 0.6764317750930786, 0.0], [0.9995480179786682, -0.019885709509253502, -0.02254500798881054, 0.0], [0.0, 0.0, 0.0, 1.0], [5.594524383544922, -0.6623368263244629, -2.902247190475464]], [[0.015057781711220741, 0.6558561325073242, 0.7547357082366943, 0.0], [-0.011880294419825077, -0.7546506524085999, 0.6560192704200745, 0.0], [0.9998160600662231, -0.01884467713534832, -0.0035716004204005003, 0.0], [0.0, 0.0, 0.0, 1.0], [5.6147050857543945, -0.6866071224212646, -2.8933911323547363]], [[0.0005785753019154072, 0.631154477596283, 0.7756569385528564, 0.0], [-0.009904460050165653, -0.775615394115448, 0.6311280727386475, 0.0], [0.9999507665634155, -0.008047617971897125, 0.005802492145448923, 0.0], [0.0, 0.0, 0.0, 1.0], [5.631836891174316, -0.7077702879905701, -2.8929450511932373]], [[0.011686321347951889, 0.5990262627601624, 0.8006440997123718, 0.0], [0.012084989808499813, -0.8007249236106873, 0.5989103317260742, 0.0], [0.9998586773872375, 0.0026767170056700706, -0.016596755012869835, 0.0], [0.0, 0.0, 0.0, 1.0], [5.645623683929443, -0.7254898548126221, -2.8981375694274902]], [[0.020344668999314308, 0.5833125710487366, 0.8119929432868958, 0.0], [-0.015155057422816753, -0.811887800693512, 0.5836167335510254, 0.0], [0.9996781349182129, -0.024179289117455482, -0.007677454501390457, 0.0], [0.0, 0.0, 0.0, 1.0], [5.654651641845703, -0.7396063804626465, -2.894503116607666]], [[0.012087222188711166, 0.5749475359916687, 0.8181009888648987, 0.0], [-0.023118991404771805, -0.8177813291549683, 0.575064480304718, 0.0], [0.9996596574783325, -0.025864601135253906, 0.003407502779737115, 0.0], [0.0, 0.0, 0.0, 1.0], [5.66013765335083, -0.7533883452415466, -2.8853702545166016]], [[0.010421240702271461, 0.5636194348335266, 0.825968861579895, 0.0], [-0.007766145747154951, -0.8259431719779968, 0.5636999011039734, 0.0], [0.9999155402183533, -0.012289046309888363, -0.004230202175676823, 0.0], [0.0, 0.0, 0.0, 1.0], [5.664935111999512, -0.7651599645614624, -2.8852789402008057]], [[-0.007591693662106991, 0.5645462274551392, 0.8253665566444397, 0.0], [-0.004375919234007597, -0.8254011869430542, 0.5645296573638916, 0.0], [0.9999616146087646, 0.0006739988457411528, 0.008736602030694485, 0.0], [0.0, 0.0, 0.0, 1.0], [5.668445110321045, -0.7710940837860107, -2.889493942260742]], [[-0.005779369734227657, 0.5614328980445862, 0.8275020718574524, 0.0], [-0.009074660949409008, -0.8275113105773926, 0.5613757371902466, 0.0], [0.9999421238899231, -0.004264903254806995, 0.009877306409180164, 0.0], [0.0, 0.0, 0.0, 1.0], [5.66818380355835, -0.7753474116325378, -2.8829071521759033]], [[-0.003655415028333664, 0.5618628859519958, 0.8272222876548767, 0.0], [-0.005817960947751999, -0.8272257447242737, 0.5618395209312439, 0.0], [0.999976396560669, -0.0027589905075728893, 0.0062927501276135445, 0.0], [0.0, 0.0, 0.0, 1.0], [5.669355392456055, -0.7748075127601624, -2.8788609504699707]], [[-0.002339181723073125, 0.5618593096733093, 0.8272294998168945, 0.0], [-0.0037203056272119284, -0.8272309303283691, 0.5618497729301453, 0.0], [0.9999903440475464, -0.0017632779199630022, 0.004025331698358059, 0.0], [0.0, 0.0, 0.0, 1.0], [5.670085430145264, -0.7736213803291321, -2.876279592514038]], [[-0.001496626646257937, 0.5618600249290466, 0.8272309303283691, 0.0], [-0.00237878761254251, -0.8272315263748169, 0.5618561506271362, 0.0], [0.9999960660934448, -0.001126917777583003, 0.002574602374807, 0.0], [0.0, 0.0, 0.0, 1.0], [5.670550346374512, -0.7728570699691772, -2.874629497528076]], [[-0.0009574078139849007, 0.5618687272071838, 0.8272258639335632, 0.0], [-0.0015210402198135853, -0.8272261023521423, 0.5618671178817749, 0.0], [0.9999983906745911, -0.000720307813026011, 0.0016466176602989435, 0.0], [0.0, 0.0, 0.0, 1.0], [5.6708478927612305, -0.7723695039749146, -2.8735742568969727]], [[-0.0006122515187598765, 0.5618350505828857, 0.8272490501403809, 0.0], [-0.0009725893614813685, -0.8272491693496704, 0.5618343949317932, 0.0], [0.9999993443489075, -0.0004605896247085184, 0.0010529193095862865, 0.0], [0.0, 0.0, 0.0, 1.0], [5.6710381507873535, -0.7720581889152527, -2.872899293899536]], [[-0.0003913018445018679, 0.5617994070053101, 0.827273428440094, 0.0], [-0.0006217582267709076, -0.827273428440094, 0.5617991089820862, 0.0], [0.9999997019767761, -0.0002945310261566192, 0.0006730170571245253, 0.0], [0.0, 0.0, 0.0, 1.0], [5.671159744262695, -0.7718594074249268, -2.872467517852783]], [[-0.00025001916219480336, 0.5614639520645142, 0.8275011777877808, 0.0], [-0.00039755876059643924, -0.8275011777877808, 0.5614638328552246, 0.0], [0.9999998807907104, -0.00018860361888073385, 0.0004301060689613223, 0.0], [0.0, 0.0, 0.0, 1.0], [5.671237945556641, -0.7717324495315552, -2.8721909523010254]], [[-0.000159300267114304, 0.5619286894798279, 0.8271856904029846, 0.0], [-0.00025407783687114716, -0.8271856904029846, 0.5619286298751831, 0.0], [0.9999999403953552, -0.00012065417831763625, 0.000274544523563236, 0.0], [0.0, 0.0, 0.0, 1.0], [5.671287536621094, -0.7716514468193054, -2.872014284133911]], [[-0.00010145602573174983, 0.5615703463554382, 0.8274289965629578, 0.0], [-0.00016244610014837235, -0.8274289965629578, 0.5615703463554382, 0.0], [1.0, -7.743792230030522e-05, 0.00017517256492283195, 0.0], [0.0, 0.0, 0.0, 1.0], [5.671319961547852, -0.7715997695922852, -2.871901035308838]], [[-6.425658648367971e-05, 0.5620843172073364, 0.8270799517631531, 0.0], [-0.00010373804980190471, -0.8270799517631531, 0.5620843172073364, 0.0], [1.0, -4.968204302713275e-05, 0.00011145485768793151, 0.0], [0.0, 0.0, 0.0, 1.0], [5.671340465545654, -0.7715668678283691, -2.871828556060791]], [[-4.054204691783525e-05, 0.5620777606964111, 0.8270843625068665, 0.0], [-6.62619131617248e-05, -0.8270843625068665, 0.5620777606964111, 0.0], [1.0, -3.201640720362775e-05, 7.077604095684364e-05, 0.0], [0.0, 0.0, 0.0, 1.0], [5.671353340148926, -0.771545946598053, -2.8717823028564453]], [[-2.534274972276762e-05, 0.5620933175086975, 0.8270738124847412, 0.0], [-4.2297942854929715e-05, -0.8270738124847412, 0.5620933175086975, 0.0], [1.0, -2.073852920148056e-05, 4.47357160737738e-05, 0.0], [0.0, 0.0, 0.0, 1.0], [5.671361923217773, -0.7715327143669128, -2.8717525005340576]], [[-1.5630032066837884e-05, 0.5618207454681396, 0.8272590041160583, 0.0], [-2.6990061087417416e-05, -0.8272590041160583, 0.5618207454681396, 0.0], [1.0, -1.3546495210903231e-05, 2.8093661967432126e-05, 0.0], [0.0, 0.0, 0.0, 1.0], [5.671367645263672, -0.7715243697166443, -2.8717334270477295]], [[-9.471887096879072e-06, 0.5611086487770081, 0.8277421593666077, 0.0], [-1.7188840502058156e-05, -0.8277421593666077, 0.5611086487770081, 0.0], [1.0, -8.913169040170033e-06, 1.7485086573287845e-05, 0.0], [0.0, 0.0, 0.0, 1.0], [5.6713714599609375, -0.771519124507904, -2.8717212677001953]], [[-3.947369805246126e-06, 0.5589703321456909, 0.8291876316070557, 0.0], [-1.0568021934886929e-05, -0.8291876316070557, 0.5589703321456909, 0.0], [1.0, -6.556410880875774e-06, 9.180321285384707e-06, 0.0], [0.0, 0.0, 0.0, 1.0], [5.671377658843994, -0.7715149521827698, -2.871713399887085]]]}, {"frame_count": 51, "end_rotation": [0.1298198401927948, -0.2970988154411316, -0.4018397033214569], "data": [[[0.9916291832923889, 0.10135805606842041, -0.07998832315206528, 0.0], [-0.1036839708685875, 0.9942840933799744, -0.02547057718038559, 0.0], [0.07694946974515915, 0.03355087339878082, 0.9964703321456909, 0.0], [0.0, 0.0, 0.0, 1.0], [0.25925928354263306, 0.0, 0.0]], [[0.9329677224159241, 0.2718895971775055, -0.23589670658111572, 0.0], [-0.28620943427085876, 0.957755982875824, -0.028064334765076637, 0.0], [0.21830108761787415, 0.09369898587465286, 0.9713727831840515, 0.0], [0.0, 0.0, 0.0, 1.0], [0.7407408356666565, 0.0, 0.0]], [[0.8218473792076111, 0.42129409313201904, -0.38350772857666016, 0.0], [-0.45674100518226624, 0.8895983695983887, -0.0015354399802163243, 0.0], [0.340520977973938, 0.17642559111118317, 0.9235364198684692, 0.0], [0.0, 0.0, 0.0, 1.0], [1.2216086387634277, 0.0, -0.012769819237291813]], [[0.6653309464454651, 0.5411151051521301, -0.5143239498138428, 0.0], [-0.6054888963699341, 0.7941372394561768, 0.05224171653389931, 0.0], [0.4367125928401947, 0.27665942907333374, 0.8560032844543457, 0.0], [0.0, 0.0, 0.0, 1.0], [1.7016592025756836, 0.0, -0.042541950941085815]], [[0.47287341952323914, 0.6249483823776245, -0.6211523413658142, 0.0], [-0.7243091464042664, 0.6771342158317566, 0.1298673450946808, 0.0], [0.5017638802528381, 0.3884955048561096, 0.7728546261787415, 0.0], [0.0, 0.0, 0.0, 1.0], [2.180893898010254, 0.0, -0.08928749710321426]], [[0.25574713945388794, 0.6685529351234436, -0.6983053684234619, 0.0], [-0.8069176077842712, 0.5454383492469788, 0.22667381167411804, 0.0], [0.5324259400367737, 0.5055037140846252, 0.6789613962173462, 0.0], [0.0, 0.0, 0.0, 1.0], [2.6593141555786133, 0.0, -0.1529776155948639]], [[0.026359084993600845, 0.67002272605896, -0.7418724894523621, 0.0], [-0.8491848707199097, 0.4065714180469513, 0.3370233476161957, 0.0], [0.5274374485015869, 0.6211032271385193, 0.5796899795532227, 0.0], [0.0, 0.0, 0.0, 1.0], [3.1369214057922363, 0.0, -0.2335834950208664]], [[-0.20247355103492737, 0.6298229694366455, -0.7498849630355835, 0.0], [-0.8493016958236694, 0.2682892978191376, 0.4546509087085724, 0.0], [0.4875357151031494, 0.7289333939552307, 0.48058825731277466, 0.0], [0.0, 0.0, 0.0, 1.0], [3.6137168407440186, 0.0, -0.33107641339302063]], [[-0.4182407557964325, 0.5506927967071533, -0.7223656177520752, 0.0], [-0.8078080415725708, 0.13814866542816162, 0.5730279684066772, 0.0], [0.41535624861717224, 0.8231964707374573, 0.38707467913627625, 0.0], [0.0, 0.0, 0.0, 1.0], [4.089702129364014, 0.0, -0.44542765617370605]], [[-0.6094115972518921, 0.43742796778678894, -0.6612671613693237, 0.0], [-0.727493405342102, 0.023100879043340683, 0.6857256889343262, 0.0], [0.31523144245147705, 0.8989566564559937, 0.30414801836013794, 0.0], [0.0, 0.0, 0.0, 1.0], [4.564878463745117, 0.0, -0.5766085982322693]], [[-0.7660284638404846, 0.29655930399894714, -0.570309579372406, 0.0], [-0.6131783723831177, -0.07086487114429474, 0.7867594361305237, 0.0], [0.19290593266487122, 0.9523816108703613, 0.23612825572490692, 0.0], [0.0, 0.0, 0.0, 1.0], [5.039247035980225, 0.0, -0.724590539932251]], [[-0.8801935911178589, 0.13595174252986908, -0.4547266364097595, 0.0], [-0.47139549255371094, -0.1390153169631958, 0.8708966970443726, 0.0], [0.0551859512925148, 0.9809138178825378, 0.18644744157791138, 0.0], [0.0, 0.0, 0.0, 1.0], [5.512809753417969, 0.0, -0.8893450498580933]], [[-0.9464269876480103, -0.035655245184898376, -0.3209434449672699, 0.0], [-0.30999043583869934, -0.17808455228805542, 0.9339120984077454, 0.0], [-0.09045393019914627, 0.983368992805481, 0.15749123692512512, 0.0], [0.0, 0.0, 0.0, 1.0], [5.985567569732666, 0.0, -1.0708435773849487]], [[-0.9618818163871765, -0.20913243293762207, -0.1762016862630844, 0.0], [-0.1376698613166809, -0.1864047646522522, 0.9727796912193298, 0.0], [-0.23628461360931396, 0.959956705570221, 0.1505081206560135, 0.0], [0.0, 0.0, 0.0, 1.0], [6.457521915435791, 0.0, -1.2690577507019043]], [[-0.9264145493507385, -0.3754507601261139, -0.028156455606222153, 0.0], [0.0364801362156868, -0.16394220292568207, 0.9857951998710632, 0.0], [-0.3747335970401764, 0.9122278690338135, 0.16557493805885315, 0.0], [0.0, 0.0, 0.0, 1.0], [6.928674221038818, 0.0, -1.4839589595794678]], [[-0.8425106406211853, -0.5261449217796326, 0.11553094536066055, 0.0], [0.20347405970096588, -0.11225210875272751, 0.9726241827011108, 0.0], [-0.49877265095710754, 0.8429537415504456, 0.20163042843341827, 0.0], [0.0, 0.0, 0.0, 1.0], [7.399025917053223, 0.0, -1.7155189514160156]], [[-0.8260998129844666, -0.5629225373268127, -0.026025494560599327, 0.0], [0.0988142341375351, -0.19017043709754944, 0.9767655730247498, 0.0], [-0.5547926425933838, 0.8043341636657715, 0.21272452175617218, 0.0], [0.0, 0.0, 0.0, 1.0], [7.693169593811035, -0.01349795050919056, -1.9775670766830444]], [[-0.8019609451293945, -0.5973764657974243, -0.0002700967597775161, 0.0], [0.01747439242899418, -0.02391081675887108, 0.9995613694190979, 0.0], [-0.5971208810806274, 0.8016044497489929, 0.02961433120071888, 0.0], [0.0, 0.0, 0.0, 1.0], [7.6760573387146, -0.08249789476394653, -2.220323085784912]], [[-0.7709282040596008, -0.6369153261184692, 0.0029262087773531675, 0.0], [-0.08830898255109787, 0.11143767088651657, 0.9898399710655212, 0.0], [-0.6307703256607056, 0.7628371119499207, -0.14215578138828278, 0.0], [0.0, 0.0, 0.0, 1.0], [7.650598049163818, -0.1499127596616745, -2.4757680892944336]], [[-0.7552624940872192, -0.6553970575332642, 0.005763109307736158, 0.0], [-0.10397413372993469, 0.1284894496202469, 0.986245334148407, 0.0], [-0.6471228003501892, 0.744274914264679, -0.16518761217594147, 0.0], [0.0, 0.0, 0.0, 1.0], [7.626245975494385, -0.23283381760120392, -2.625703811645508]], [[-0.7547793984413147, -0.6559703946113586, 0.003304711077362299, 0.0], [-0.022872287780046463, 0.03135164827108383, 0.9992466568946838, 0.0], [-0.6555798649787903, 0.7541351914405823, -0.03866712376475334, 0.0], [0.0, 0.0, 0.0, 1.0], [7.603528022766113, -0.33111536502838135, -2.6693310737609863]], [[-0.7398253679275513, -0.6727192997932434, -0.010352295823395252, 0.0], [0.0065942066721618176, -0.022636454552412033, 0.9997220039367676, 0.0], [-0.6727666258811951, 0.7395514249801636, 0.0211830735206604, 0.0], [0.0, 0.0, 0.0, 1.0], [7.588573932647705, -0.4265391230583191, -2.6930553913116455]], [[-0.7136185765266418, -0.6997494697570801, -0.03315393254160881, 0.0], [-0.020037317648530006, -0.026918571442365646, 0.9994367957115173, 0.0], [-0.7002478241920471, 0.7138809561729431, 0.005188490264117718, 0.0], [0.0, 0.0, 0.0, 1.0], [7.579825401306152, -0.5162547826766968, -2.6917717456817627]], [[-0.6893712282180786, -0.7224697470664978, -0.05296020209789276, 0.0], [-0.03282667323946953, -0.041877757757902145, 0.9985833168029785, 0.0], [-0.7236640453338623, 0.6901331543922424, 0.005153042729943991, 0.0], [0.0, 0.0, 0.0, 1.0], [7.570052623748779, -0.6001368165016174, -2.695899486541748]], [[-0.6718016266822815, -0.7377752065658569, -0.06610853970050812, 0.0], [-0.037980761379003525, -0.054821327328681946, 0.9977735877037048, 0.0], [-0.73975670337677, 0.6728167533874512, 0.008807794190943241, 0.0], [0.0, 0.0, 0.0, 1.0], [7.556651592254639, -0.6701996326446533, -2.6885769367218018]], [[-0.6530373692512512, -0.7531664967536926, -0.07926168292760849, 0.0], [-0.04815450310707092, -0.06315288692712784, 0.9968414306640625, 0.0], [-0.7557932138442993, 0.654791533946991, 0.004972838331013918, 0.0], [0.0, 0.0, 0.0, 1.0], [7.542561054229736, -0.7346841096878052, -2.68727970123291]], [[-0.6318618059158325, -0.7694978713989258, -0.09286411851644516, 0.0], [-0.06426519900560379, -0.0673866868019104, 0.9956550598144531, 0.0], [-0.7724122405052185, 0.635084331035614, -0.006872856989502907, 0.0], [0.0, 0.0, 0.0, 1.0], [7.527721881866455, -0.7933926582336426, -2.691570997238159]], [[-0.607705295085907, -0.7870333790779114, -0.10617313534021378, 0.0], [-0.06019206345081329, -0.08766097575426102, 0.9943301677703857, 0.0], [-0.7918782830238342, 0.6106504797935486, 0.005898878909647465, 0.0], [0.0, 0.0, 0.0, 1.0], [7.511346817016602, -0.8421752452850342, -2.6927409172058105]], [[-0.5802145600318909, -0.8056423664093018, -0.11954674869775772, 0.0], [-0.06555160880088806, -0.10011111199855804, 0.9928145408630371, 0.0], [-0.811821460723877, 0.5838819146156311, 0.005274771247059107, 0.0], [0.0, 0.0, 0.0, 1.0], [7.492520809173584, -0.8821306824684143, -2.692748785018921]], [[-0.5484781265258789, -0.8254033327102661, -0.1337202787399292, 0.0], [-0.07705804705619812, -0.10934510082006454, 0.991012454032898, 0.0], [-0.8326066732406616, 0.5538528561592102, -0.0036305778194218874, 0.0], [0.0, 0.0, 0.0, 1.0], [7.472230434417725, -0.9167683720588684, -2.698861598968506]], [[-0.5148409605026245, -0.8450136184692383, -0.14453637599945068, 0.0], [-0.07220345735549927, -0.1252577304840088, 0.9894933700561523, 0.0], [-0.8542397022247314, 0.5198677182197571, 0.003474903991445899, 0.0], [0.0, 0.0, 0.0, 1.0], [7.448668479919434, -0.9443851709365845, -2.7052488327026367]], [[-0.47555452585220337, -0.8660237789154053, -0.15443672239780426, 0.0], [-0.0779392346739769, -0.13338923454284668, 0.9879943132400513, 0.0], [-0.8762267827987671, 0.48188185691833496, -0.004063375294208527, 0.0], [0.0, 0.0, 0.0, 1.0], [7.421698093414307, -0.9655957221984863, -2.7131428718566895]], [[-0.42652803659439087, -0.8892471194267273, -0.16526781022548676, 0.0], [-0.07388702034950256, -0.14785508811473846, 0.9862452149391174, 0.0], [-0.9014513492584229, 0.43287235498428345, -0.0026394769083708525, 0.0], [0.0, 0.0, 0.0, 1.0], [7.3919243812561035, -0.979648232460022, -2.721480131149292]], [[-0.3751431107521057, -0.9110422730445862, -0.17108382284641266, 0.0], [-0.06397891789674759, -0.15867547690868378, 0.9852557182312012, 0.0], [-0.9247563481330872, 0.3805576264858246, 0.0012385129230096936, 0.0], [0.0, 0.0, 0.0, 1.0], [7.358501434326172, -0.9931092858314514, -2.734501838684082]], [[-0.3141229450702667, -0.9328555464744568, -0.17637257277965546, 0.0], [-0.05582858994603157, -0.1673041433095932, 0.9843233823776245, 0.0], [-0.9477393627166748, 0.31904518604278564, 0.0004740594595205039, 0.0], [0.0, 0.0, 0.0, 1.0], [7.321421146392822, -1.003486156463623, -2.750589609146118]], [[-0.24686993658542633, -0.9525652527809143, -0.17797377705574036, 0.0], [-0.04492218792438507, -0.17221133410930634, 0.9840351939201355, 0.0], [-0.9680068492889404, 0.25092366337776184, -0.000277516694040969, 0.0], [0.0, 0.0, 0.0, 1.0], [7.279772758483887, -1.0112416744232178, -2.7716240882873535]], [[-0.17106013000011444, -0.9689677357673645, -0.17843744158744812, 0.0], [-0.03095366060733795, -0.17573218047618866, 0.9839512705802917, 0.0], [-0.9847742319107056, 0.17383812367916107, 6.766858859919012e-05, 0.0], [0.0, 0.0, 0.0, 1.0], [7.234233379364014, -1.0188300609588623, -2.7984840869903564]], [[-0.08287286013364792, -0.9804003238677979, -0.17873796820640564, 0.0], [-0.01492162887006998, -0.17811407148838043, 0.9838967323303223, 0.0], [-0.9964483976364136, 0.08420539647340775, 0.0001316530251642689, 0.0], [0.0, 0.0, 0.0, 1.0], [7.186922073364258, -1.0269590616226196, -2.8341150283813477]], [[0.01572299562394619, -0.9840772151947021, -0.1770445555448532, 0.0], [0.003065731143578887, -0.1770181655883789, 0.9842028021812439, 0.0], [-0.9998716711997986, -0.016017388552427292, 0.00023366032110061496, 0.0], [0.0, 0.0, 0.0, 1.0], [7.136836528778076, -1.0367950201034546, -2.8785643577575684]], [[0.041606031358242035, -0.9872173070907593, -0.15385352075099945, 0.0], [-0.013056923635303974, -0.15451093018054962, 0.9879047870635986, 0.0], [-0.9990487694740295, -0.03909394517540932, -0.019318608567118645, 0.0], [0.0, 0.0, 0.0, 1.0], [7.101468086242676, -1.0243747234344482, -2.869596242904663]], [[0.04395259544253349, -0.9904736876487732, -0.13049937784671783, 0.0], [-0.006064684595912695, -0.13088774681091309, 0.991378664970398, 0.0], [-0.999015212059021, -0.04278222471475601, -0.011759765446186066, 0.0], [0.0, 0.0, 0.0, 1.0], [7.0734405517578125, -1.015202283859253, -2.862598180770874]], [[0.03515410050749779, -0.9933240413665771, -0.10987048596143723, 0.0], [0.007309306878596544, -0.1096799448132515, 0.9939400553703308, 0.0], [-0.9993551969528198, -0.03574414551258087, 0.003404810559004545, 0.0], [0.0, 0.0, 0.0, 1.0], [7.047158241271973, -1.0082812309265137, -2.867013454437256]], [[0.010325653478503227, -0.9944741129875183, -0.10447315126657486, 0.0], [-0.0007869903929531574, -0.10448677092790604, 0.9945259690284729, 0.0], [-0.9999463558197021, -0.010186911560595036, -0.0018615358276292682, 0.0], [0.0, 0.0, 0.0, 1.0], [7.025943756103516, -1.004664659500122, -2.8761441707611084]], [[-0.006027381867170334, -0.9952495098114014, -0.09717053174972534, 0.0], [0.00012410494673531502, -0.09717303514480591, 0.9952675104141235, 0.0], [-0.9999818205833435, 0.0059867980889976025, 0.0007092143641784787, 0.0], [0.0, 0.0, 0.0, 1.0], [7.01513671875, -1.0022284984588623, -2.881119966506958]], [[-0.00038269805372692645, -0.9949814677238464, -0.10005863010883331, 0.0], [-0.0020254526752978563, -0.10005766153335571, 0.9949795603752136, 0.0], [-0.9999978542327881, 0.0005834407638758421, -0.0019769961945712566, 0.0], [0.0, 0.0, 0.0, 1.0], [7.012840270996094, -1.0016849040985107, -2.880328893661499]], [[0.012971929274499416, -0.9948890805244446, -0.10013718903064728, 0.0], [0.005876495502889156, -0.10006803274154663, 0.9949632287025452, 0.0], [-0.9998986124992371, -0.013495048508048058, 0.004548385739326477, 0.0], [0.0, 0.0, 0.0, 1.0], [7.009854316711426, -1.0031111240386963, -2.8809478282928467]], [[0.008279179222881794, -0.9949894547462463, -0.0996367558836937, 0.0], [0.0039445459842681885, -0.09960690140724182, 0.9950190186500549, 0.0], [-0.9999579191207886, -0.008630962111055851, 0.0031001183670014143, 0.0], [0.0, 0.0, 0.0, 1.0], [7.009016036987305, -1.0020636320114136, -2.8775124549865723]], [[0.005291198845952749, -0.995019793510437, -0.0995372012257576, 0.0], [0.0025295994710177183, -0.09952495247125626, 0.9950318336486816, 0.0], [-0.9999827742576599, -0.00551670091226697, 0.0019903951324522495, 0.0], [0.0, 0.0, 0.0, 1.0], [7.010603904724121, -1.0013598203659058, -2.875413656234741]], [[0.0033838418312370777, -0.9950307011604309, -0.09951115399599075, 0.0], [0.0016099094646051526, -0.09950616955757141, 0.9950356483459473, 0.0], [-0.9999929666519165, -0.0035272471141070127, 0.0012651962460950017, 0.0], [0.0, 0.0, 0.0, 1.0], [7.011630535125732, -1.0009046792984009, -2.8740735054016113]], [[0.002163989469408989, -0.9950293302536011, -0.09955854713916779, 0.0], [0.0010251012863591313, -0.09955652058124542, 0.9950313568115234, 0.0], [-0.9999971389770508, -0.0022552949376404285, 0.0008045666036196053, 0.0], [0.0, 0.0, 0.0, 1.0], [7.01230525970459, -1.000556230545044, -2.8732175827026367]], [[0.00138436711858958, -0.9950332045555115, -0.09953365474939346, 0.0], [0.0006551286205649376, -0.0995328277349472, 0.9950340390205383, 0.0], [-0.9999988079071045, -0.0014426996931433678, 0.0005140848224982619, 0.0], [0.0, 0.0, 0.0, 1.0], [7.012735366821289, -1.0003578662872314, -2.8726704120635986]], [[0.0008856243803165853, -0.9950374960899353, -0.09949646145105362, 0.0], [0.0004184345016255975, -0.09949612617492676, 0.995037853717804, 0.0], [-0.9999995231628418, -0.0009228625567629933, 0.00032824184745550156, 0.0], [0.0, 0.0, 0.0, 1.0], [7.013012886047363, -1.0002174377441406, -2.8723204135894775]], [[0.0005666618817485869, -0.9950382113456726, -0.09949163347482681, 0.0], [0.0002672489208634943, -0.09949149191379547, 0.9950383901596069, 0.0], [-0.9999998211860657, -0.0005904393037781119, 0.0002095448726322502, 0.0], [0.0, 0.0, 0.0, 1.0], [7.013190269470215, -1.0001336336135864, -2.8720967769622803]], [[0.0003625971148721874, -0.9950428009033203, -0.09944711625576019, 0.0], [0.00017062884580809623, -0.09944705665111542, 0.9950428605079651, 0.0], [-0.9999999403953552, -0.00037776821409352124, 0.00013372377725318074, 0.0], [0.0, 0.0, 0.0, 1.0], [7.013303756713867, -1.000077486038208, -2.8719534873962402]], [[0.00023205183970276266, -0.9950335621833801, -0.09953998029232025, 0.0], [0.0001087162017938681, -0.09953995794057846, 0.9950335621833801, 0.0], [-0.9999999403953552, -0.00024172097619157284, 8.507783786626533e-05, 0.0], [0.0, 0.0, 0.0, 1.0], [7.013376235961914, -1.0000426769256592, -2.8718619346618652]], [[0.00014850647130515426, -0.9950129389762878, -0.09974586218595505, 0.0], [6.927407230250537e-05, -0.09974585473537445, 0.9950129389762878, 0.0], [-1.0, -0.00015467566845472902, 5.411569509305991e-05, 0.0], [0.0, 0.0, 0.0, 1.0], [7.013422966003418, -1.0000200271606445, -2.8718032836914062]], [[9.508932998869568e-05, -0.9949694275856018, -0.10017915070056915, 0.0], [4.391753827803768e-05, -0.10017914324998856, 0.9949694275856018, 0.0], [-1.0, -9.901059092953801e-05, 3.4170639992225915e-05, 0.0], [0.0, 0.0, 0.0, 1.0], [7.013453006744385, -1.000005841255188, -2.8717658519744873]], [[6.09216331213247e-05, -0.9949362874031067, -0.10050736367702484, 0.0], [2.7768914151238278e-05, -0.10050736367702484, 0.9949362874031067, 0.0], [-1.0, -6.340412801364437e-05, 2.1505227778106928e-05, 0.0], [0.0, 0.0, 0.0, 1.0], [7.013472080230713, -0.9999967217445374, -2.871741771697998]], [[3.908631333615631e-05, -0.9949924945831299, -0.09994957596063614, 0.0], [1.7321366613032296e-05, -0.09994957596063614, 0.9949924945831299, 0.0], [-1.0, -4.062185325892642e-05, 1.3327968190424144e-05, 0.0], [0.0, 0.0, 0.0, 1.0], [7.013484477996826, -0.9999909996986389, -2.8717262744903564]], [[2.5067249225685373e-05, -0.9952752590179443, -0.09709333628416061, 0.0], [1.0699525773816276e-05, -0.09709333628416061, 0.9952752590179443, 0.0], [-1.0, -2.598766513983719e-05, 8.21511093818117e-06, 0.0], [0.0, 0.0, 0.0, 1.0], [7.013492107391357, -0.9999873638153076, -2.8717164993286133]], [[1.613747372175567e-05, -0.9951962828636169, -0.0978998914361, 0.0], [6.401629889296601e-06, -0.0978998914361, 0.9951962828636169, 0.0], [-1.0, -1.668667209742125e-05, 4.791021183336852e-06, 0.0], [0.0, 0.0, 0.0, 1.0], [7.013497829437256, -0.9999851584434509, -2.8717103004455566]], [[1.0279071830154862e-05, -0.9952344298362732, -0.09751132130622864, 0.0], [3.696548446896486e-06, -0.09751132130622864, 0.9952344298362732, 0.0], [-1.0, -1.0590541933197528e-05, 2.6766063001559814e-06, 0.0], [0.0, 0.0, 0.0, 1.0], [7.01350212097168, -0.999984085559845, -2.871706247329712]]]}, {"frame_count": 49, "end_rotation": [0.20822875201702118, 0.12438162416219711, 0.4541880786418915], "data": [[[0.9925588965415955, -0.11558171361684799, 0.03831072151660919, 0.0], [0.11741945892572403, 0.9918327927589417, -0.04980313777923584, 0.0], [-0.03224150091409683, 0.05393097177147865, 0.9980239868164062, 0.0], [0.0, 0.0, 0.0, 1.0], [0.388888955116272, 0.0, 0.0]], [[0.939933717250824, -0.3128630220890045, 0.13653314113616943, 0.0], [0.3287244737148285, 0.9373971819877625, -0.11500731110572815, 0.0], [-0.09200424700975418, 0.15298104286193848, 0.9839370250701904, 0.0], [0.0, 0.0, 0.0, 1.0], [1.1111112833023071, 0.0, 0.0]], [[0.8400519490242004, -0.4844892919063568, 0.24409599602222443, 0.0], [0.5271635055541992, 0.8352472186088562, -0.15639902651309967, 0.0], [-0.12810686230659485, 0.2600618004798889, 0.9570561647415161, 0.0], [0.0, 0.0, 0.0, 1.0], [1.8324129581451416, 0.0, -0.012769819237291813]], [[0.6993160843849182, -0.6206715106964111, 0.3545757234096527, 0.0], [0.701227605342865, 0.6919238567352295, -0.17181740701198578, 0.0], [-0.13869723677635193, 0.36879295110702515, 0.9191054701805115, 0.0], [0.0, 0.0, 0.0, 1.0], [2.5524888038635254, 0.0, -0.042541950941085815]], [[0.5263010263442993, -0.7140836119651794, 0.46161869168281555, 0.0], [0.8412816524505615, 0.5161541104316711, -0.1607174575328827, 0.0], [-0.12350068986415863, 0.47293710708618164, 0.8723978996276855, 0.0], [0.0, 0.0, 0.0, 1.0], [3.271340847015381, 0.0, -0.08928749710321426]], [[0.3312307894229889, -0.7599858641624451, 0.5592027306556702, 0.0], [0.9398289322853088, 0.3183201849460602, -0.12407205998897552, 0.0], [-0.08371251076459885, 0.5666514039039612, 0.8196941018104553, 0.0], [0.0, 0.0, 0.0, 1.0], [3.98897123336792, 0.0, -0.1529776155948639]], [[0.12534992396831512, -0.7564151883125305, 0.6419683694839478, 0.0], [0.9918711185455322, 0.10982203483581543, -0.06427094340324402, 0.0], [-0.021886756643652916, 0.6448062658309937, 0.7640326023101807, 0.0], [0.0, 0.0, 0.0, 1.0], [4.705381870269775, 0.0, -0.2335834950208664]], [[-0.07973556220531464, -0.7042118310928345, 0.7054983377456665, 0.0], [0.9951127767562866, -0.09759046137332916, 0.015055340714752674, 0.0], [0.05824775993824005, 0.7032508850097656, 0.7085516452789307, 0.0], [0.0, 0.0, 0.0, 1.0], [5.420575141906738, 0.0, -0.33107641339302063]], [[-0.2727139890193939, -0.6068880558013916, 0.7465346455574036, 0.0], [0.9500073790550232, -0.2924808859825134, 0.10927441716194153, 0.0], [0.15202979743480682, 0.7390140891075134, 0.6563117504119873, 0.0], [0.0, 0.0, 0.0, 1.0], [6.134552955627441, 0.0, -0.44542765617370605]], [[-0.4431809186935425, -0.4703550934791565, 0.7631230354309082, 0.0], [0.8596502542495728, -0.4643455743789673, 0.21303676068782806, 0.0], [0.2541498839855194, 0.7504327297210693, 0.6101299524307251, 0.0], [0.0, 0.0, 0.0, 1.0], [6.847317695617676, 0.0, -0.5766085982322693]], [[-0.5821802616119385, -0.3025283217430115, 0.7546805739402771, 0.0], [0.7295299172401428, -0.6041593551635742, 0.32058942317962646, 0.0], [0.35895994305610657, 0.7372028827667236, 0.5724331140518188, 0.0], [0.0, 0.0, 0.0, 1.0], [7.558870792388916, 0.0, -0.724590539932251]], [[-0.39658287167549133, -0.16661113500595093, 0.9027528762817383, 0.0], [0.7954726815223694, -0.5532077550888062, 0.24735482037067413, 0.0], [0.45819780230522156, 0.8162119388580322, 0.35192734003067017, 0.0], [0.0, 0.0, 0.0, 1.0], [7.594889163970947, -0.14126986265182495, -0.7216199040412903]], [[-0.18727287650108337, -0.011478585191071033, 0.9822408556938171, 0.0], [0.8425219058990479, -0.515998363494873, 0.1546042114496231, 0.0], [0.505060076713562, 0.8565126657485962, 0.10630346089601517, 0.0], [0.0, 0.0, 0.0, 1.0], [7.63084602355957, -0.28229963779449463, -0.7356783151626587]], [[0.029782116413116455, 0.1510130614042282, 0.988083004951477, 0.0], [0.8674015402793884, -0.4951377511024475, 0.04952945560216904, 0.0], [0.49671682715415955, 0.8555896282196045, -0.14573520421981812, 0.0], [0.0, 0.0, 0.0, 1.0], [7.666741847991943, -0.42308974266052246, -0.7667368650436401]], [[0.1337415724992752, 0.24440698325634003, 0.9604053497314453, 0.0], [0.8862751126289368, -0.46312573552131653, -0.0055608428083360195, 0.0], [0.4434293210506439, 0.8519271016120911, -0.27855101227760315, 0.0], [0.0, 0.0, 0.0, 1.0], [7.676414966583252, -0.5550230741500854, -0.8049256801605225]], [[0.12768062949180603, 0.27037057280540466, 0.954252302646637, 0.0], [0.9140332937240601, -0.40557193756103516, -0.0073876031674444675, 0.0], [0.38502055406570435, 0.8731616139411926, -0.29891136288642883, 0.0], [0.0, 0.0, 0.0, 1.0], [7.659933090209961, -0.6781220436096191, -0.8502411842346191]], [[0.11994298547506332, 0.29566389322280884, 0.9477323293685913, 0.0], [0.9379282593727112, -0.3466687500476837, -0.010552017949521542, 0.0], [0.3254293203353882, 0.8901705741882324, -0.3188920021057129, 0.0], [0.0, 0.0, 0.0, 1.0], [7.643478870391846, -0.8010118007659912, -0.9125036001205444]], [[0.11058517545461655, 0.32018208503723145, 0.9408795833587646, 0.0], [0.9579026103019714, -0.28670015931129456, -0.015021661296486855, 0.0], [0.26494064927101135, 0.9029321670532227, -0.3384080231189728, 0.0], [0.0, 0.0, 0.0, 1.0], [7.6270527839660645, -0.9236927628517151, -0.9916842579841614]], [[0.09967027604579926, 0.343824863